id,rdnm,all_total,men_total,women_total,total_20s,total_30s,total_40s,total_50s,total_60s,men_20s,men_30s,men_40s,men_50s,men_60s,women_20s,women_30s,women_40s,women_50s,women_60s
1,풍성로37가길,3206,1627,1579,447,730,800,740,480,192,403,393,342,292,255,327,407,398,188
2,천호옛길,7256,3545,3711,1019,1751,1659,1605,1197,374,758,732,851,818,645,993,927,754,379
3,천호옛14길,5733,2584,3149,1380,1518,1268,930,600,465,775,592,394,347,915,743,676,536,253
4,천호대로219길,19289,15615,3674,2139,8097,5185,2988,872,1304,6553,4584,2675,493,835,1544,601,313,379
5,천호대로197길,2483,1357,1126,255,546,608,542,528,125,327,306,260,336,130,219,302,282,192
6,천호대로187길,6880,3270,3610,1079,1633,1511,1525,1118,446,878,786,555,597,633,755,725,970,521
7,천호대로170길,6685,3501,3184,1146,1782,1631,1269,845,387,931,942,675,558,759,851,689,594,287
8,천호대로162길,6100,3095,3005,1257,1650,1467,980,721,451,946,838,460,394,806,704,629,520,327
9,천중로51길,4107,1979,2128,498,829,966,888,910,163,422,474,401,510,335,407,492,487,400
10,천중로39길,4166,2116,2050,471,835,1015,971,855,167,440,509,462,527,304,395,506,509,328
11,진황도로47길,5739,2640,3099,764,1192,1325,1384,1057,326,603,655,485,563,438,589,670,899,494
12,진황도로27길,6676,3348,3328,1148,1730,1624,1286,865,355,849,901,663,570,793,881,723,623,295
13,올림픽로98길,2741,1248,1493,355,536,709,670,466,150,287,335,229,245,205,249,374,441,221
14,올림픽로80길,2999,1319,1680,445,568,751,753,474,157,269,320,286,283,288,299,431,467,191
15,올림픽로78길,3217,1496,1721,491,583,718,730,685,158,277,323,304,429,333,306,395,426,256
16,올림픽로77길,3521,1763,1758,492,696,821,788,716,172,347,415,368,458,320,349,406,420,258
17,올림픽로71길,3602,1756,1846,549,758,835,770,677,177,369,416,358,432,372,389,419,412,245
18,올림픽로48길,20077,11204,8873,2336,4251,4622,5057,3758,1188,2441,2452,2716,2365,1148,1810,2170,2341,1393
19,양재대로96길,5252,2985,2267,621,965,988,1116,1557,257,495,534,599,1098,364,470,454,517,459
20,양재대로95길,4888,2876,2012,413,765,1021,1076,1607,180,421,581,576,1115,233,344,440,500,492
21,양재대로91길,5532,3177,2355,526,971,1190,1237,1601,224,513,659,665,1113,302,458,531,572,488
22,양재대로133길,4228,1829,2399,484,822,985,1017,905,165,368,426,389,471,319,454,559,628,434
23,양재대로124길,4045,2126,1919,371,739,903,944,1078,132,399,460,451,682,239,340,443,493,396
24,양재대로116길,5076,2403,2673,577,897,1088,1298,1203,248,500,513,451,685,329,397,575,847,518
25,양재대로101길,9164,4224,4940,1785,2289,2014,1908,1147,643,1117,1024,763,665,1142,1172,990,1145,482
26,암사길,2085,1013,1072,190,429,525,563,369,78,205,234,280,210,112,224,291,283,159
27,성안로3길,14683,8585,6098,1926,3516,3480,3301,2421,878,1846,2023,2164,1654,1048,1670,1457,1137,767
28,성내로5길,17580,9425,8155,2035,3773,4179,4442,3102,1001,2121,2130,2204,1930,1034,1652,2049,2238,1172
29,상일로5길,19326,15562,3764,2138,8104,5192,3005,879,1295,6537,4566,2663,495,843,1567,626,342,384
30,상암로5길,4210,1713,2497,433,737,1038,1196,797,163,333,411,344,458,270,404,627,852,339
31,상암로51길,4031,1551,2480,429,681,891,1047,968,135,299,373,315,419,294,382,518,732,549
32,상암로4길,3184,1467,1717,426,628,804,777,541,180,304,373,302,305,246,324,431,475,236
33,상암로14길,3364,1539,1825,460,664,869,814,549,195,323,409,300,309,265,341,460,514,240
34,명일로13길,4447,2383,2064,697,1101,925,974,743,277,587,513,514,489,420,514,412,460,254
35,동남로85길,1138,564,574,102,192,262,336,246,36,90,129,182,127,66,102,133,154,119
36,동남로82길,804,433,371,62,130,186,299,127,26,59,96,172,80,36,71,90,127,47
37,동남로65길,1564,844,720,130,312,385,513,221,57,143,195,310,138,73,169,190,203,83
38,구천면로42길,2229,966,1263,232,529,597,558,306,80,230,245,248,157,152,299,352,310,149
39,구천면로41길,2948,1277,1671,318,650,778,776,420,136,297,333,303,202,182,353,445,473,218
40,구천면로36길,1523,708,815,146,298,383,405,283,39,118,162,182,204,107,180,221,223,79
41,고덕로61길,1181,452,729,118,237,314,299,213,34,100,122,107,89,84,137,192,192,124
42,고덕로25길,969,411,558,119,232,253,242,116,51,89,98,100,69,68,143,155,142,47
43,고덕로10길,4067,1688,2379,406,694,992,1182,785,166,335,399,334,451,240,359,593,848,334
44,강동대로53길,9080,5236,3844,1288,2333,2090,1936,1404,647,1319,1275,1132,851,641,1014,815,804,553
45,풍성로25길,3694,1765,1929,641,896,831,784,527,247,436,398,351,326,394,460,433,433,201
46,오금로46길,3370,1639,1731,478,676,839,780,586,178,319,379,367,391,300,357,460,413,195
47,오금로36길,7935,4884,3051,1274,2074,1959,1612,1000,616,1354,1247,969,688,658,720,712,643,312
48,오금로11길,14317,8747,5570,2465,3873,3330,2754,1845,1247,2498,2173,1541,1262,1218,1375,1157,1213,583
49,양재대로72길,14423,9115,5308,1226,2111,2061,2298,6698,613,1274,1277,1308,4625,613,837,784,990,2073
50,양재대로71길,8462,5071,3391,1213,1888,1725,1676,1917,547,1073,1015,1030,1388,666,815,710,646,529
51,양재대로64길,14051,7509,6542,2240,3394,3312,3100,1983,960,1978,1982,1504,1080,1280,1416,1330,1596,903
52,양재대로62길,10029,4403,5626,2103,2692,2293,1833,1082,665,1241,1147,710,631,1438,1451,1146,1123,451
53,송파대로30길,19449,10990,8459,3075,4803,4695,4278,2552,1276,2766,2906,2429,1595,1799,2037,1789,1849,957
54,송이로36길,24089,14780,9309,4579,6824,6226,4158,2222,2092,4303,4080,2566,1716,2487,2521,2146,1592,506
55,송이로32길,8768,5116,3652,1003,1659,2099,2004,1975,502,1006,1235,1135,1222,501,653,864,869,753
56,송이로23길,14427,7607,6820,2376,3441,3448,3249,1876,1022,1972,2001,1534,1060,1354,1469,1447,1715,816
57,삼전로13길,7039,3497,3542,1106,1576,1545,1473,1282,405,795,776,706,773,701,781,769,767,509
58,백제고분로50길,10074,5904,4170,1365,2356,2325,2302,1697,656,1380,1390,1372,1088,709,976,935,930,609
59,백제고분로46길,5607,3234,2373,776,1204,1347,1236,1034,354,711,789,627,746,422,493,558,609,288
60,백제고분로45길,9568,5497,4071,1539,2403,2260,1981,1356,727,1482,1351,1004,917,812,921,909,977,439
61,백제고분로42길,6369,3279,3090,818,1309,1297,1414,1511,297,685,680,703,908,521,624,617,711,603
62,백제고분로39길,5956,3041,2915,1200,1387,1262,1148,924,447,785,678,528,594,753,602,584,620,330
63,백제고분로34길,5176,3024,2152,640,1126,1392,1263,744,300,683,879,682,472,340,443,513,581,272
64,백제고분로33길,6827,4043,2784,1138,1371,1522,1233,1530,430,800,913,630,1260,708,571,609,603,270
65,백제고분로32길,5602,3243,2359,786,1274,1346,1325,854,399,793,851,663,529,387,481,495,662,325
66,백제고분로31길,8502,4758,3744,1352,1693,1787,1721,1912,527,950,1007,790,1472,825,743,780,931,440
67,백제고분로22길,4947,2835,2112,634,1007,1018,1182,1090,280,614,591,616,730,354,393,427,566,360
68,백제고분로21길,5498,2713,2785,802,1197,1222,1281,982,305,620,629,551,604,497,577,593,730,378
69,마천로51길,1975,969,1006,156,347,585,584,298,59,169,261,278,200,97,178,324,306,98
70,동남로20길,3685,1813,1872,549,784,898,818,626,206,396,429,379,399,343,388,469,439,227
71,거마로20길,2973,1655,1318,290,473,734,898,568,122,250,364,509,405,168,223,370,389,163
72,학동로77길,11718,4826,6892,2729,3640,2309,1718,1256,613,1415,995,971,822,2116,2225,1314,747,434
73,학동로6길,11649,6488,5161,2507,3822,3002,1411,871,998,2245,1854,801,579,1509,1577,1148,610,292
74,학동로56길,18503,9480,9023,4188,5777,4373,2725,1374,1477,3030,2621,1460,859,2711,2747,1752,1265,515
75,학동로38길,25805,13356,12449,6650,7626,5141,2933,3324,2127,4050,3194,1649,2291,4523,3576,1947,1284,1033
76,테헤란로81길,60392,34808,25584,15250,22622,14207,5937,2115,5741,12923,10233,4349,1460,9509,9699,3974,1588,655
77,일원로9길,8787,2499,6288,2602,2900,1768,1028,483,423,821,567,409,276,2179,2079,1201,619,207
78,일원로3길,4254,2288,1966,461,739,994,1111,942,251,430,542,537,523,210,309,452,574,419
79,영동대로65길,15936,10123,5813,2915,5306,4305,2201,1172,1221,3510,3138,1471,769,1694,1796,1167,730,403
80,영동대로112길,43658,27507,16151,9324,12436,9367,7097,5349,4511,8103,6930,4600,3327,4813,4333,2437,2497,2022
81,언주로81길,81416,48334,33082,18510,26189,19681,12003,4676,8159,16741,13450,7067,2788,10351,9448,6231,4936,1888
82,압구정로2길,11938,5835,6103,3403,3791,2540,1283,850,1122,1985,1451,677,569,2281,1806,1089,606,281
83,선릉로18길,1202,634,568,157,261,295,306,169,71,131,166,155,101,86,130,129,151,68
84,선릉로146길,23244,9445,13799,8030,8381,3965,1679,1051,2300,3507,1920,962,705,5730,4874,2045,717,346
85,선릉로133길,27951,16034,11917,5114,8285,6834,4725,2910,1889,4668,4597,3045,1818,3225,3617,2237,1680,1092
86,선릉로132길,16985,8368,8617,3132,4848,4136,3090,1725,983,2353,2249,1677,1088,2149,2495,1887,1413,637
87,선릉로121길,22776,11582,11194,5221,7097,5409,3254,1717,1785,3655,3224,1778,1105,3436,3442,2185,1476,612
88,삼성로75길,38572,23780,14792,7316,13225,10633,5089,2130,3130,8173,7323,3627,1496,4186,5052,3310,1462,634
89,삼성로69길,9063,4532,4531,1830,2842,2241,1360,762,694,1580,1153,595,498,1136,1262,1088,765,264
90,삼성로64길,8587,4806,3781,1526,2583,2284,1432,737,579,1484,1429,801,504,947,1099,855,631,233
91,삼성로63길,5542,2373,3169,1070,1433,1437,1054,527,318,632,649,454,314,752,801,788,600,213
92,삼성로57길,3854,1573,2281,716,940,1030,765,385,208,409,423,308,220,508,531,607,457,165
93,삼성로147길,14746,5273,9473,4876,5414,2581,1133,665,1202,2009,1118,543,389,3674,3405,1463,590,276
94,삼성로115길,13806,7127,6679,2812,4796,3027,1927,1196,1019,2422,1747,1147,770,1793,2374,1280,780,426
95,봉은사로68길,22387,12802,9585,5309,8359,4980,2425,1253,2109,4943,3461,1445,825,3200,3416,1519,980,428
96,봉은사로57길,10918,5457,5461,2987,3692,2336,1160,698,1012,1848,1423,695,457,1975,1844,913,465,241
97,봉은사로43길,24556,12959,11597,6279,8079,5645,2791,1630,2248,4398,3500,1680,1077,4031,3681,2145,1111,553
98,봉은사로29길,27835,14018,13817,7187,8549,6260,3416,2321,2413,4501,3739,1788,1531,4774,4048,2521,1628,790
99,봉은사로109길,20438,13550,6888,5053,5804,3878,3152,2499,2708,4031,2790,2064,1937,2345,1773,1088,1088,562
100,도산대로89길,11741,5193,6548,3609,3925,2267,1304,546,1070,1759,1224,747,371,2539,2166,1043,557,175
101,도산대로81길,17678,6291,11387,6588,6306,2809,1203,629,1733,2334,1232,561,401,4855,3972,1577,642,228
102,도산대로50길,33401,18077,15324,8480,11234,7229,3853,2476,2867,5982,4817,2764,1590,5613,5252,2412,1089,886
103,도산대로38길,31171,16466,14705,7630,10505,7424,3733,1782,2458,5730,4579,2417,1259,5172,4775,2845,1316,523
104,도산대로30길,26638,13148,13490,7476,8555,6086,2862,1545,2318,4343,3602,1750,1098,5158,4212,2484,1112,447
105,도산대로23길,18642,8942,9700,6056,5815,3627,1800,1208,1934,2896,2189,1036,839,4122,2919,1438,764,369
106,도산대로15길,15871,7769,8102,5398,4977,2958,1410,1013,1802,2540,1831,833,715,3596,2437,1127,577,298
107,도곡로37길,24575,12021,12554,6142,7075,5455,3595,2165,2188,3623,3015,1808,1340,3954,3452,2440,1787,825
108,논현로8길,6711,3919,2792,893,1603,1711,1382,1108,447,990,995,764,715,446,613,716,618,393
109,논현로63길,20787,11792,8995,4199,6330,5061,2932,2201,1504,3407,3398,1923,1542,2695,2923,1663,1009,659
110,논현로28길,31357,13438,17919,5637,7106,8814,5687,3948,2665,4020,2810,1757,2107,2972,3086,6004,3930,1841
111,논현로26길,40485,18837,21648,6903,9964,11621,7934,3856,3168,5859,4608,2963,2151,3735,4105,7013,4971,1705
112,논현로159길,17546,7679,9867,7386,3961,2494,1590,921,3022,1873,1191,619,519,4364,2088,1303,971,402
113,논현로139길,32163,16232,15931,9697,10667,6789,2991,1868,3166,5661,4226,1806,1318,6531,5006,2563,1185,550
114,논현로123길,9297,5343,3954,2041,2873,2268,1184,904,804,1688,1508,706,628,1237,1185,760,478,276
115,논현로115길,25530,13893,11637,6680,7357,5598,3537,2246,2533,4130,3673,2004,1511,4147,3227,1925,1533,735
116,논현로10길,10346,5713,4633,1333,2368,2786,2316,1516,535,1399,1553,1195,1013,798,969,1233,1121,503
117,논현로106길,27586,15747,11839,6096,7493,6097,4340,3462,2492,4464,4254,2452,2041,3604,3029,1843,1888,1421
118,남부순환로365길,15492,8151,7341,3675,4066,3198,2196,2275,1392,2415,1842,1124,1356,2283,1651,1356,1072,919
119,개포로82길,1055,434,621,102,205,252,294,201,31,67,96,121,119,71,138,156,173,82
120,개포로28길,6377,3646,2731,752,1388,1741,1454,1030,310,813,969,790,760,442,575,772,664,270
121,개포로20길,23049,12909,10140,3226,5873,6207,5077,2598,1431,3645,3554,2534,1718,1795,2228,2653,2543,880
122,개포로17길,24838,13714,11124,3626,6394,5982,5104,3664,1652,4104,3467,2495,1970,1974,2290,2515,2609,1694
123,강남대로140길,26152,12762,13390,6676,8521,5854,3208,1815,1986,4434,3486,1686,1154,4690,4087,2368,1522,661
124,강남대로136길,29345,15965,13380,6984,10060,7143,3283,1784,2489,5799,4550,1961,1142,4495,4261,2593,1322,642
125,강남대로118길,9000,5113,3887,2209,2531,2036,1253,930,912,1489,1385,737,577,1297,1042,651,516,353
126,서초중앙로8길,22771,13603,9168,4621,6771,5697,3433,2169,1847,4051,3926,2180,1570,2774,2720,1771,1253,599
127,방배중앙로21길,5186,2757,2429,658,1110,1243,1225,936,265,670,714,576,523,393,440,529,649,413
128,효령로72길,14096,9233,4863,2578,4004,3430,2176,1885,1300,2639,2470,1488,1328,1278,1365,960,688,557
129,효령로34길,7160,4263,2897,1392,1977,1630,1140,961,527,1221,1144,659,703,865,756,486,481,258
130,효령로31길,11706,5924,5782,2312,3148,2970,1989,1251,827,1632,1595,1016,839,1485,1516,1375,973,412
131,효령로23길,10325,5508,4817,1882,2616,2571,1826,1407,704,1408,1413,969,1005,1178,1208,1158,857,402
132,청두곶길,11331,5072,6259,1628,2287,2405,2962,2011,593,1232,1280,1056,893,1035,1055,1125,1906,1118
133,주흥길,11516,7619,3897,2427,4363,2607,1277,805,1208,3065,2027,828,481,1219,1298,580,449,324
134,주흥15길,10761,5844,4917,2254,3521,2512,1287,1146,776,1963,1565,777,752,1478,1558,947,510,394
135,언남길,24278,14400,9878,3569,6364,6455,5055,2751,1741,4176,4029,2714,1713,1828,2188,2426,2341,1038
136,신반포로45길,19109,11939,7170,3635,6073,4937,2638,1775,1452,3873,3602,1807,1193,2183,2200,1335,831,582
137,서초대로8길,4549,2740,1809,687,1071,1225,853,703,299,634,755,544,499,388,437,470,309,204
138,서초대로64길,13808,7681,6127,2715,4248,3778,2094,953,1344,2438,1972,1265,654,1371,1810,1806,829,299
139,서초대로4길,8265,4724,3541,1427,2086,2035,1551,1148,614,1192,1249,947,713,813,894,786,604,435
140,서초대로25길,15329,8158,7171,2668,4217,3975,2777,1647,1064,2415,2108,1412,1140,1604,1802,1867,1365,507
141,서초대로23길,12434,7004,5430,2007,3287,3290,2355,1454,830,2036,1908,1197,1014,1177,1251,1382,1158,440
142,서초대로15길,11529,6214,5315,1839,2731,3023,2290,1607,760,1522,1618,1156,1137,1079,1209,1405,1134,470
143,사평대로57길,14242,7844,6398,3188,5091,3250,1647,1011,1246,3008,2070,931,576,1942,2083,1180,716,435
144,사평대로26길,5882,3233,2649,1260,1921,1496,766,389,512,1053,927,497,227,748,868,569,269,162
145,사평대로22길,5448,3213,2235,1175,1528,1355,859,478,531,955,863,571,276,644,573,492,288,202
146,사임당로17길,18595,9499,9096,3723,5762,4702,2679,1664,1206,2867,2634,1611,1164,2517,2895,2068,1068,500
147,방배로42길,4598,2920,1678,682,1337,1072,749,747,263,877,707,502,566,419,460,365,247,181
148,방배로35길,7297,4428,2869,1128,2023,1819,1261,1042,433,1250,1187,812,735,695,773,632,449,307
149,방배로18길,11128,5440,5688,2121,3016,2861,1929,1171,752,1534,1464,929,750,1369,1482,1397,1000,421
150,반포대로9길,8083,4968,3115,1469,2481,2052,1157,906,590,1553,1465,789,564,879,928,587,368,342
151,바우뫼로39길,27002,15953,11049,4492,6972,5872,4968,4618,2253,4448,3680,2800,2727,2239,2524,2192,2168,1891
152,마방로2길,15944,9511,6433,3753,3790,3353,2741,1963,1853,2332,2196,1616,1375,1900,1458,1157,1125,588
153,방배천로4안길,6538,3834,2704,1014,1648,1662,1305,892,508,1001,1060,727,528,506,647,602,578,364
154,동산로19길,25883,14557,11326,3586,6486,6928,5677,3122,1667,4123,4066,2815,1848,1919,2363,2862,2862,1274
155,동산로10길,9999,6302,3697,1376,2566,2567,2157,1312,657,1672,1737,1377,853,719,894,830,780,459
156,동광로39길,6928,3631,3297,1510,2244,1711,970,442,578,1162,1015,603,256,932,1082,696,367,186
157,동광로1길,6787,3720,3067,1081,1587,1539,1310,1244,512,1020,932,603,636,569,567,607,707,608
158,동광로12길,9370,5513,3857,1575,2276,2314,1677,1492,668,1300,1425,1051,1051,907,976,889,626,441
159,논현로27길,32189,19800,12389,5287,9308,7584,6071,3843,2591,6195,5020,3553,2406,2696,3113,2564,2518,1437
160,논현로1길,12871,7855,5016,1614,3142,3340,2856,1882,771,2016,2164,1723,1160,843,1126,1176,1133,722
161,남부순환로339길,23689,12943,10746,5888,7013,5426,3735,1487,2783,4472,3236,1535,835,3105,2541,2190,2200,652
162,남부순환로325길,21170,13364,7806,3456,6190,5478,3380,2598,1518,3910,3903,2227,1788,1938,2280,1575,1153,810
163,남부순환로317길,14323,8680,5643,2481,4149,3532,2271,1839,1059,2526,2414,1441,1224,1422,1623,1118,830,615
164,고무래로8길,31663,12922,18741,7493,9658,7851,4729,1887,1443,3557,3910,2844,1150,6050,6101,3941,1885,737
165,강남대로8길,93247,83334,9913,8507,19175,26869,35681,2979,6597,16484,23829,33939,2468,1910,2691,3040,1742,511
166,강남대로34길,24660,13588,11072,4746,6249,5239,4275,4028,1927,3743,3178,2341,2351,2819,2506,2061,1934,1677
167,강남대로23길,15708,9580,6128,4167,4294,3374,2157,1371,2049,2726,2379,1398,882,2118,1568,995,759,489
168,소담길,1194,611,583,122,252,337,278,203,50,118,152,150,141,72,134,185,128,62
169,원신길,690,280,410,76,162,161,167,123,8,51,68,66,87,68,111,93,101,36
170,양지길,1522,796,726,139,248,349,409,376,50,120,180,197,248,89,128,169,212,128
171,양산길,1570,821,749,159,208,368,446,384,72,109,190,210,236,87,99,178,236,148
172,호암로24길,3062,1826,1236,336,542,787,837,550,148,311,466,522,373,188,231,321,315,177
173,호암로20길,1601,732,869,212,350,397,377,257,82,181,196,139,131,130,169,201,238,126
174,행운길,4922,2601,2321,861,1170,1063,970,836,355,654,568,437,577,506,516,495,533,259
175,행운1길,4694,2260,2434,831,1019,1086,910,826,317,517,541,419,461,514,502,545,491,365
176,청림3길,2059,920,1139,295,437,520,445,357,102,214,230,182,191,193,223,290,263,166
177,청룡길,3781,1995,1786,561,755,925,760,773,217,386,507,390,495,344,369,418,370,278
178,청룡8길,2877,1259,1618,390,587,725,661,511,127,290,329,266,246,263,297,396,395,265
179,중앙길,3162,1311,1851,536,683,737,653,534,154,286,332,294,240,382,397,405,359,294
180,조원중앙로2길,5344,3599,1745,502,903,996,1152,1784,227,572,577,678,1543,275,331,419,474,241
181,조원로18길,4695,3245,1450,405,781,825,896,1786,178,485,479,561,1542,227,296,346,335,244
182,조원로10길,18509,10521,7988,4178,5884,4419,2435,1524,1687,3652,2707,1382,1054,2491,2232,1712,1053,470
183,장군봉2길,2860,1369,1491,380,553,647,725,553,120,252,296,354,345,260,301,351,371,208
184,장군봉1길,3030,1349,1681,399,634,764,710,521,136,312,350,299,251,263,322,414,411,270
185,인헌길,1207,500,707,153,267,330,299,152,36,127,126,122,87,117,140,204,177,65
186,은천로25길,1116,373,743,156,238,310,252,155,40,87,88,86,70,116,151,222,166,85
187,양녕로6길,3868,1763,2105,626,858,956,745,665,186,384,492,353,345,440,474,464,392,320
188,신원로3길,2954,1312,1642,475,499,603,665,697,204,241,280,246,334,271,258,323,419,363
189,신사로20길,934,447,487,105,197,233,252,147,29,96,108,112,102,76,101,125,140,45
190,신림로65길,4095,1859,2236,818,740,839,857,811,316,387,423,325,396,502,353,416,532,415
191,신림로64길,4095,1681,2414,1035,932,824,777,503,327,401,381,293,269,708,531,443,484,234
192,신림로48길,928,456,472,116,173,191,226,222,40,86,85,89,156,76,87,106,137,66
193,신림로38길,1209,634,575,101,189,298,351,267,39,98,152,172,171,62,91,146,179,96
194,신림로28길,3099,1821,1278,302,487,789,899,611,139,286,463,533,394,163,201,326,366,217
195,신림로11길,2006,1181,825,238,399,503,575,281,106,213,286,374,198,132,186,217,201,83
196,신림동길,3698,1829,1869,704,762,827,743,638,302,395,416,338,366,402,367,411,405,272
197,승방길,4496,2575,1921,953,1075,1066,895,474,434,619,670,513,317,519,456,396,382,157
198,서림7길,1772,1076,696,200,329,468,527,240,89,190,272,357,164,111,139,196,170,76
199,봉천로33길,4418,1834,2584,616,878,1047,1053,822,154,394,460,408,417,462,484,587,645,405
200,봉천로13길,5588,2459,3129,818,1553,1830,968,401,290,590,756,555,261,528,963,1074,413,140
201,복은길,1393,746,647,113,241,345,382,309,55,127,175,191,196,58,114,170,191,113
202,법원단지길,1143,416,727,178,237,290,260,171,43,96,117,87,70,135,141,173,173,101
203,법원단지9길,854,324,530,135,181,215,211,106,33,68,89,90,42,102,113,126,121,64
204,미성5길,1998,830,1168,255,380,501,489,364,76,151,220,199,181,179,229,281,290,183
205,대학길,1794,1148,646,240,356,453,491,244,117,223,295,343,165,123,133,158,148,79
206,대학14길,610,308,302,82,159,138,130,100,30,86,56,65,70,52,73,82,65,30
207,당곡길,9937,4585,5352,1725,3125,2887,1556,609,552,1355,1333,937,396,1173,1770,1554,619,213
208,남현길,2900,1513,1387,595,673,659,614,359,233,367,381,300,232,362,306,278,314,127
209,남현3길,5958,3352,2606,1170,1398,1434,1258,662,559,824,852,662,431,611,574,582,596,231
210,남현2길,3754,1873,1881,831,888,847,733,452,280,432,487,368,305,551,456,360,365,147
211,남부순환로248길,2021,913,1108,302,532,531,404,239,83,271,228,180,145,219,261,303,224,94
212,남부순환로234길,3661,2173,1488,594,691,733,839,790,266,405,423,463,610,328,286,310,376,180
213,남부순환로172길,2780,1365,1415,316,503,629,732,593,118,251,301,358,336,198,252,328,374,257
214,남부순환로161길,2866,1432,1434,305,516,676,768,596,105,254,333,367,373,200,262,343,401,223
215,남부순환로151길,3442,1746,1696,402,679,797,883,674,130,378,396,430,412,272,301,401,453,262
216,남부순환로142길,4647,3160,1487,385,750,812,927,1769,168,439,457,562,1533,217,311,355,365,236
217,난향길,1128,471,657,87,174,264,287,316,12,51,94,98,216,75,123,170,189,100
218,난우길,1830,796,1034,239,369,454,457,304,65,156,215,208,150,174,213,239,249,154
219,난곡로74길,2722,1873,849,434,760,723,513,285,294,584,508,296,185,140,176,215,217,100
220,난곡로34길,1172,463,709,177,249,310,287,144,45,100,130,123,64,132,149,180,164,80
221,난곡로26길,1038,406,632,146,238,267,261,125,38,79,114,114,61,108,159,153,147,64
222,난곡로24길,987,435,552,95,222,277,288,101,27,75,126,143,62,68,147,151,145,39
223,낙성대역길,5000,2827,2173,779,1167,1090,1016,923,297,667,601,562,689,482,500,489,454,234
224,국회단지길,1927,867,1060,262,359,454,504,346,59,164,199,217,227,203,195,255,287,119
225,구암길,1191,449,742,160,239,326,295,168,53,89,97,111,98,107,150,229,184,70
226,관천로22길,11990,6413,5577,2023,3543,3435,2054,896,770,1715,1883,1400,630,1253,1828,1552,654,266
227,관천로15길,3516,2497,1019,445,735,938,888,506,261,507,724,626,376,184,228,214,262,130
228,관악로30길,2460,1075,1385,378,498,601,515,460,130,237,269,216,220,248,261,332,299,240
229,관악로28길,1959,846,1113,305,380,448,421,398,106,166,192,184,195,199,214,256,237,203
230,관악로14길,8102,4145,3957,1321,1793,1858,1760,1331,527,882,943,949,834,794,911,915,811,497
231,관악로10길,7339,4188,3151,1103,1781,1663,1767,997,535,1028,936,1053,627,568,753,727,714,370
232,흑석로9길,5224,2326,2898,1101,1445,1228,1021,423,279,539,625,596,284,822,906,603,425,139
233,흑석로13길,5343,2366,2977,1098,1459,1272,1061,447,273,535,636,622,297,825,924,636,439,150
234,장승배기로27길,8201,4705,3496,1037,2503,2099,1678,858,464,1358,1265,1037,572,573,1145,834,641,286
235,장승배기로19길,2937,1442,1495,426,588,693,776,453,227,285,332,374,224,199,303,361,402,229
236,장승배기로10길,3313,1614,1699,495,666,809,827,512,265,327,377,389,255,230,339,432,438,257
237,여의대방로46길,6852,3846,3006,1145,2055,1740,1208,680,498,1256,1045,637,403,647,799,695,571,277
238,여의대방로24길,11134,5687,5447,1516,2622,2871,2554,1483,675,1476,1382,1297,840,841,1146,1489,1257,643
239,여의대방로22카길,8659,4341,4318,1434,2792,2250,1425,739,410,1401,1322,808,397,1024,1391,928,617,342
240,여의대방로22나길,8048,4140,3908,1054,1936,2125,1857,1028,526,1103,998,919,578,528,833,1127,938,450
241,여의대방로22길,4322,2129,2193,502,802,975,1044,985,192,420,488,486,536,310,382,487,558,449
242,양녕로26길,984,430,554,125,203,264,266,126,42,84,112,115,77,83,119,152,151,49
243,신대방길,4775,2481,2294,1122,1217,1128,816,484,394,694,636,447,303,728,523,492,369,181
244,성대로29길,2336,905,1431,299,448,602,585,387,111,179,242,204,163,188,269,360,381,224
245,성대로1길,2198,827,1371,312,435,549,521,365,104,181,213,173,150,208,254,336,348,215
246,서달로8가길,5225,2325,2900,1087,1438,1251,1017,426,276,528,636,598,284,811,910,615,419,142
247,서달로15길,2985,937,2048,794,868,643,457,218,175,249,224,185,101,619,619,419,272,117
248,서달로14길,2905,909,1996,748,848,639,454,214,157,237,220,181,113,591,611,419,273,101
249,서달로10길,2767,914,1853,735,803,580,438,208,153,228,205,208,119,582,575,375,230,89
250,상도로62길,3077,1585,1492,382,737,821,705,418,153,345,410,408,264,229,392,411,297,154
251,상도로61길,2666,1309,1357,358,644,708,625,321,129,277,324,350,225,229,367,384,275,96
252,상도로47길,4437,2423,2014,712,1037,1138,982,562,283,506,657,621,354,429,531,481,361,208
253,상도로37길,1753,852,901,339,381,439,349,239,150,179,216,179,126,189,202,223,170,113
254,상도로15길,3144,1245,1899,458,593,743,757,578,171,274,286,270,238,287,319,457,487,340
255,사당로8길,2137,1059,1078,247,414,467,454,551,97,184,220,204,352,150,230,247,250,199
256,사당로30길,5738,3375,2363,913,1487,1554,1114,659,408,894,1007,670,390,505,593,547,444,269
257,사당로2차길,1432,692,740,197,303,361,377,190,71,121,168,195,135,126,182,193,182,55
258,사당로29길,4611,2180,2431,643,936,1111,1008,888,215,468,544,441,500,428,468,567,567,388
259,사당로26길,3337,1786,1551,466,781,925,715,444,179,434,522,368,282,287,347,403,347,162
260,사당로23나길,1543,670,873,95,244,329,410,462,41,107,135,157,229,54,137,194,253,233
261,사당로23길,872,377,495,74,162,218,239,176,28,65,72,103,108,46,97,146,136,68
262,사당로20길,2778,1429,1349,315,525,709,591,637,120,259,367,298,384,195,266,342,293,253
263,사당로16길,2527,1311,1216,213,388,502,508,915,80,180,236,242,573,133,208,266,266,342
264,사당로16가길,2629,1295,1334,244,427,544,550,861,93,177,244,249,531,151,250,300,301,330
265,만양로8길,1965,846,1119,283,393,464,471,339,113,201,204,173,148,170,192,260,298,191
266,만양로14길,2545,1474,1071,358,601,604,639,326,168,374,379,381,165,190,227,225,258,161
267,등용로14길,7920,4565,3355,980,2341,2053,1673,847,455,1265,1228,1039,568,525,1076,825,634,279
268,동작대로7길,6622,3687,2935,1152,1546,1651,1452,803,491,907,999,781,501,661,639,652,671,302
269,동작대로35길,3055,1457,1598,317,625,795,875,434,120,362,390,347,232,197,263,405,528,202
270,동작대로33길,4384,1729,2655,771,912,1012,1077,588,247,419,422,369,258,524,493,590,708,330
271,동작대로29길,1969,900,1069,280,401,485,484,300,97,188,224,217,163,183,213,261,267,137
272,동작대로17길,6906,3711,3195,1030,1669,1814,1337,1043,416,917,1043,717,614,614,752,771,620,429
273,대방동2길,3084,1436,1648,407,715,780,728,434,162,354,372,317,224,245,361,408,411,210
274,대방동27길,4436,2349,2087,563,1002,1066,1139,620,209,552,566,612,403,354,450,500,527,217
275,노량진로6길,6775,3779,2996,850,2148,1757,1400,606,395,1125,1002,862,390,455,1023,755,538,216
276,국사봉길,1406,530,876,193,299,353,365,185,69,117,141,116,83,124,182,212,249,102
277,국사봉2길,2320,1020,1300,317,477,573,559,380,113,226,270,224,182,204,251,303,335,198
278,국사봉1길,2681,1073,1608,371,523,649,661,460,123,226,291,230,198,248,297,358,431,262
279,영신로9길,2781,1404,1377,308,420,535,802,701,130,240,296,353,379,178,180,239,449,322
280,영등포로84길,3856,2022,1834,609,812,811,898,714,202,407,455,488,466,407,405,356,410,248
281,영등포로80길,4030,1961,2069,621,796,909,940,750,173,351,477,472,481,448,445,432,468,269
282,영등포로62길,2870,1399,1471,500,584,571,624,563,226,310,261,260,326,274,274,310,364,237
283,영등포로35길,7506,3614,3892,1108,1808,2012,1558,997,377,861,1010,768,593,731,947,1002,790,404
284,영등포로27길,8617,4214,4403,1179,1900,2113,1762,1638,443,975,1088,832,870,736,925,1025,930,768
285,영등포로25길,11000,5464,5536,1391,2468,2713,2463,1939,526,1172,1379,1304,1073,865,1296,1334,1159,866
286,여의대방로61길,3359,1704,1655,629,799,780,630,516,207,371,438,337,350,422,428,342,293,166
287,여의대방로43나길,3342,1876,1466,352,613,723,929,720,170,367,405,476,454,182,246,318,453,266
288,여의대방로39길,2791,1527,1264,433,627,678,690,325,163,371,394,378,217,270,256,284,312,108
289,여의대방로35길,4563,2645,1918,615,913,978,977,1033,245,537,560,588,705,370,376,418,389,328
290,양평로28길,14456,9236,5220,2430,4563,4441,2317,654,1187,2838,2993,1679,510,1243,1725,1448,638,144
291,양평로22라길,19202,12418,6784,3416,6488,5796,2716,724,1627,4320,4068,1862,518,1789,2168,1728,854,206
292,양평로19길,33984,18252,15732,6192,11498,10084,4467,1612,2748,6446,5293,2562,1154,3444,5052,4791,1905,458
293,신길로60길,2773,1300,1473,315,608,680,667,497,109,312,316,313,246,206,296,364,354,251
294,신길로42길,1593,783,810,234,354,400,363,241,114,183,198,158,129,120,171,202,205,112
295,신길로42가길,2267,968,1299,248,480,553,564,419,80,230,243,245,168,168,250,310,319,251
296,신길로39길,2369,1045,1324,237,530,584,605,411,76,234,272,254,208,161,296,312,351,203
297,신길로17길,1730,767,963,245,320,421,426,309,94,151,173,178,167,151,169,248,248,142
298,선유서로28길,13989,7829,6160,2747,3421,3406,2638,1703,1272,2132,1894,1307,1190,1475,1289,1512,1331,513
299,선유서로25길,8231,5170,3061,1181,2088,2054,1599,1272,621,1422,1251,907,948,560,666,803,692,324
300,선유서로24길,21865,12921,8944,4613,5563,5173,3687,2741,2329,3577,2942,2030,2007,2284,1986,2231,1657,734
301,선유로55길,30189,15693,14496,5492,10097,9239,3921,1310,2328,5441,4739,2215,918,3164,4656,4500,1706,392
302,디지털로74길,2528,932,1596,654,573,548,496,255,125,216,197,237,157,529,357,351,259,98
303,디지털로57길,2911,1494,1417,260,538,741,786,585,99,265,380,410,339,161,273,361,376,246
304,디지털로37길,2418,1261,1157,248,501,653,589,427,87,238,311,323,302,161,263,342,266,125
305,도신로62길,2799,1400,1399,281,488,610,761,650,89,237,319,370,379,192,251,291,391,271
306,도신로60길,1343,612,731,171,284,341,339,205,69,140,152,144,104,102,144,189,195,101
307,도신로29길,1208,523,685,132,252,316,286,220,26,101,149,114,132,106,151,167,172,88
308,도신로15길,5323,2158,3165,1000,1865,1119,762,559,237,528,556,450,378,763,1337,563,312,181
309,도림천로21길,14752,8688,6064,3572,4815,3397,1718,1190,1459,3128,2251,1043,771,2113,1687,1146,675,419
310,도림로63길,1802,959,843,241,353,456,446,296,126,202,244,219,163,115,151,212,227,133
311,도림로147길,9735,5971,3764,1825,2346,2352,2008,1170,884,1487,1506,1260,824,941,859,846,748,346
312,도림로112길,1619,788,831,178,352,436,385,264,42,150,235,190,169,136,202,201,195,95
313,대림로8길,3608,1358,2250,843,800,781,729,453,162,312,330,326,227,681,488,451,403,226
314,대림로7길,3029,1257,1772,393,631,873,653,475,87,266,329,310,264,306,365,544,343,211
315,대림로44길,4573,2911,1662,637,1210,1273,950,480,325,821,878,557,319,312,389,395,393,161
316,대림로34길,5805,3457,2348,821,1439,1603,1230,684,401,929,1005,672,435,420,510,598,558,249
317,대림로31길,14545,9584,4961,1972,3528,3480,3211,2324,1330,2690,2468,1787,1292,642,838,1012,1424,1032
318,대림로29길,4339,2213,2126,468,884,1198,1101,686,165,451,600,560,435,303,433,598,541,251
319,대림로22길,2540,1220,1320,277,504,669,639,442,87,239,317,315,257,190,265,352,324,185
320,당산로46길,11671,7186,4485,1487,2120,2558,2719,2728,781,1448,1621,1538,1774,706,672,937,1181,954
321,당산로38길,22555,11767,10788,5425,6516,5129,3322,2025,1968,3433,2702,2089,1524,3457,3083,2427,1233,501
322,당산로37길,34091,14986,19105,7430,10220,8744,4951,2544,2604,4414,3372,2689,1826,4826,5806,5372,2262,718
323,당산로31길,21931,11386,10545,3995,5327,4456,4531,3515,1569,2735,2412,2443,2171,2426,2592,2044,2088,1344
324,국회대로56길,11445,7706,3739,1400,2279,2397,2324,3019,620,1383,1602,1622,2461,780,896,795,702,558
325,경인로90길,19805,9848,9957,4167,5462,4931,3024,2051,1646,2782,2499,1562,1298,2521,2680,2432,1462,753
326,경인로80길,21754,10671,11083,4464,6326,5311,3319,2215,1651,2840,2753,1900,1480,2813,3486,2558,1419,735
327,경인로77길,24252,11856,12396,5085,6945,5876,3800,2425,1892,3152,3031,2112,1622,3193,3793,2845,1688,803
328,가마산로61길,1670,762,908,158,373,421,428,286,43,139,206,193,178,115,234,215,235,108
329,시흥대로94길,4127,2348,1779,437,757,992,1153,777,231,433,555,613,508,206,324,437,540,269
330,시흥대로84길,2704,1039,1665,229,392,575,628,878,103,198,238,207,291,126,194,337,421,587
331,시흥대로68길,5701,2428,3273,1197,1375,1077,943,1074,528,726,424,328,409,669,649,653,615,665
332,시흥대로63길,7583,3376,4207,1365,1927,1470,1455,1325,575,908,593,707,578,790,1019,877,748,747
333,시흥대로62가길,3187,948,2239,425,453,574,756,975,103,178,196,179,289,322,275,378,577,686
334,시흥대로36길,7697,4550,3147,666,1342,2385,2250,1049,335,822,1322,1281,789,331,520,1063,969,260
335,시흥대로22길,8190,5143,3047,649,1320,2497,2486,1231,355,845,1459,1518,966,294,475,1038,968,265
336,시흥대로153길,3354,1752,1602,436,653,818,899,543,227,377,417,429,299,209,276,401,470,244
337,시흥대로150길,3660,1914,1746,414,745,921,968,606,148,372,479,513,398,266,373,442,455,208
338,시흥대로141길,5546,3244,2302,755,1143,1274,1457,909,383,712,724,811,609,372,431,550,646,300
339,시흥대로138길,3589,1923,1666,500,742,893,932,509,232,379,481,486,339,268,363,412,446,170
340,시흥대로120길,4216,2269,1947,546,802,1066,1099,677,246,440,563,565,445,300,362,503,534,232
341,벚꽃로56길,73061,45471,27590,17322,23192,17466,9259,5456,8056,15201,12272,5976,3780,9266,7991,5194,3283,1676
342,범안로17길,11239,7660,3579,1392,2685,2890,2774,1455,845,1918,1955,1811,1111,547,767,935,963,344
343,범안로11길,34744,23080,11664,5771,9567,9071,6507,3655,3177,6726,6250,4211,2618,2594,2841,2821,2296,1037
344,문성로5길,4161,2650,1511,300,628,743,843,1644,109,300,374,414,1451,191,328,369,429,193
345,독산로85길,1509,703,806,185,272,395,428,225,79,142,166,187,127,106,130,229,241,98
346,독산로78다길,1200,445,755,131,204,336,340,187,39,73,103,121,108,92,131,233,219,79
347,독산로70길,1657,672,985,170,244,443,478,320,52,100,150,175,195,118,144,293,303,125
348,독산로64길,1453,523,930,141,227,386,430,267,31,69,115,159,148,110,158,271,271,119
349,독산로50길,499,164,335,33,109,146,156,55,9,39,34,50,32,24,70,112,106,23
350,독산로40길,1008,368,640,95,197,287,307,122,30,74,89,106,69,65,123,198,201,53
351,독산로108길,5093,3346,1747,430,921,975,1080,1684,202,522,549,599,1472,228,399,426,481,212
352,남부순환로112길,5498,3316,2182,890,1342,1374,1102,770,449,828,890,626,511,441,514,484,476,259
353,금하로24길,2422,1212,1210,193,397,657,785,382,61,158,313,437,240,132,239,344,348,142
354,금하로1길,418,194,224,43,66,119,100,89,18,33,52,45,46,25,33,67,55,43
355,금하로14길,2701,1234,1467,366,517,692,709,409,141,257,338,293,200,225,260,354,416,209
356,가산로5길,18750,12558,6192,3608,5860,4832,3109,1295,2266,4094,3235,1940,998,1342,1766,1597,1169,297
357,가산로3길,43301,29212,14089,8314,12729,11168,7142,3757,4833,9104,7801,4658,2708,3481,3625,3367,2484,1049
358,중앙로1길,4511,2593,1918,535,836,1086,1134,909,230,467,601,601,689,305,369,485,533,220
359,중앙로15길,1374,661,713,146,252,343,361,269,65,126,140,172,158,81,126,203,189,111
360,우마길,8893,5338,3555,1665,2435,2206,1616,940,781,1564,1408,968,601,884,871,798,648,339
361,오류로8길,3182,1370,1812,337,516,770,897,650,108,215,287,342,411,229,301,483,555,239
362,신도림로13길,2789,1756,1033,280,539,670,760,533,156,308,404,499,382,124,231,266,261,151
363,새말로18길,7253,3334,3919,1403,2510,1638,1072,606,473,969,907,594,381,930,1541,731,478,225
364,부일로1길,2231,1584,647,257,464,472,601,430,140,298,308,440,391,117,166,164,161,39
365,부일로15길,1558,1058,500,141,267,395,407,347,72,154,266,290,276,69,113,129,117,71
366,부일로11길,1723,935,788,146,349,446,497,283,49,179,243,272,191,97,170,203,225,92
367,디지털로32길,44001,26720,17281,10019,15944,10652,4670,2563,4517,10506,6976,2819,1816,5502,5438,3676,1851,747
368,디지털로32가길,46190,28360,17830,10421,16521,11026,5086,2981,4757,10929,7382,3095,2108,5664,5592,3644,1991,873
369,디지털로27길,40121,24051,16070,8530,11676,9358,6598,3696,4173,7900,6355,3271,2189,4357,3776,3003,3327,1507
370,도림로6길,11464,6808,4656,2272,3287,2843,1899,1125,1041,2064,1810,1136,735,1231,1223,1033,763,390
371,도림로12길,11359,5384,5975,2094,2409,2409,2735,1561,1137,1555,1310,759,522,957,854,1099,1976,1039
372,남부순환로97길,2053,1021,1032,263,355,550,509,370,99,164,254,259,241,164,191,296,250,129
373,구로중앙로8길,3908,2177,1731,421,768,1050,1046,613,143,355,548,681,441,278,413,502,365,172
374,구로중앙로7길,2343,1233,1110,210,375,617,717,423,57,141,289,440,306,153,234,328,277,117
375,구로중앙로42길,10057,6601,3456,1001,2110,2677,2549,1699,551,1352,1684,1723,1274,450,758,993,826,425
376,구로중앙로34길,5179,2864,2315,731,1074,1285,1262,804,309,595,727,701,513,422,479,558,561,291
377,구로중앙로28길,15388,10099,5289,2210,3711,3643,3437,2344,1416,2733,2513,1990,1418,794,978,1130,1447,926
378,구로중앙로19길,8154,3667,4487,1512,2248,1780,1790,812,398,951,836,1033,439,1114,1297,944,757,373
379,구로동로8길,2198,878,1320,261,417,596,526,394,77,180,227,199,192,184,237,369,327,202
380,구로동로7길,19295,12940,6355,4352,6276,4802,2638,1165,2380,4322,3552,1803,847,1972,1954,1250,835,318
381,구로동로42길,4859,2309,2550,604,1052,1108,1244,829,250,450,485,667,437,354,602,623,577,392
382,구로동로41길,3852,1157,2695,1062,1111,711,634,333,199,355,260,191,152,863,756,451,443,181
383,구로동로38길,7125,3097,4028,1383,2013,1467,1562,696,359,822,679,873,362,1024,1191,788,689,334
384,구로동로28길,7572,3327,4245,1441,2097,1651,1635,740,364,849,717,943,448,1077,1248,934,692,292
385,구로동로15길,18927,12698,6229,4348,6236,4720,2497,1064,2377,4311,3495,1692,788,1971,1925,1225,805,276
386,공원로6가길,9060,4430,4630,1574,2805,2080,1640,934,545,1121,1175,966,612,1029,1684,905,674,322
387,고척로52길,2922,1661,1261,241,478,769,835,596,125,260,410,472,393,116,218,359,363,203
388,고척로27다길,1205,461,744,113,227,345,376,140,31,80,104,162,80,82,147,241,214,60
389,고척로27길,1223,489,734,116,228,333,391,153,40,89,106,169,83,76,139,227,222,70
390,고척로21나길,1453,487,966,190,250,350,435,225,51,104,101,130,99,139,146,249,305,126
391,경인로47길,4608,2738,1870,530,843,1088,1109,1031,222,483,647,638,745,308,360,441,471,286
392,경인로35길,2407,1170,1237,235,392,669,656,445,101,196,300,299,266,134,196,369,357,179
393,경인로31길,1433,621,812,110,216,409,451,243,43,103,164,186,121,67,113,245,265,122
394,경인로15길,2475,1504,971,285,456,613,643,473,125,257,368,390,361,160,199,245,253,112
395,개봉로3길,4709,2543,2166,153,273,416,744,3121,46,113,150,314,1919,107,160,266,430,1202
396,개봉로2길,5376,2739,2637,264,391,616,875,3227,61,139,226,366,1947,203,252,390,509,1280
397,개봉로23가길,4807,2723,2084,529,932,1305,1312,714,245,531,703,757,478,284,401,602,555,236
398,개봉로20길,2166,977,1189,273,380,590,533,382,89,143,248,246,247,184,237,342,287,135
399,개봉로1길,877,452,425,86,214,243,211,122,33,141,122,89,66,53,73,121,122,56
400,개봉로17다길,2184,978,1206,304,369,523,581,399,91,136,224,272,251,213,233,299,309,148
401,개봉로17길,1249,451,798,175,229,309,344,190,38,77,111,130,95,137,152,198,214,95
402,개봉로11길,5057,2646,2411,205,339,495,826,3188,54,133,182,337,1939,151,206,313,489,1249
403,화곡로64길,35534,15198,20336,4604,7886,10274,10470,2087,2545,5108,4112,2140,1161,2059,2778,6162,8330,926
404,화곡로59길,14558,8259,6299,1999,3048,3261,4105,2095,1122,1892,2014,2074,1126,877,1156,1247,2031,969
405,화곡로44나길,6307,3720,2587,613,1456,1564,1728,939,278,785,918,1116,618,335,671,646,612,321
406,화곡로31길,4101,1584,2517,694,879,949,888,679,164,372,384,342,319,530,507,565,546,360
407,화곡로20길,2982,1424,1558,355,580,772,811,452,127,277,359,374,280,228,303,413,437,172
408,화곡로13길,1958,914,1044,241,365,516,533,294,90,167,215,254,183,151,198,301,279,111
409,초원로16길,3509,1831,1678,475,845,907,791,483,147,404,494,447,338,328,441,413,344,145
410,초록마을로8길,830,208,622,117,173,245,181,112,17,39,66,43,43,100,134,179,138,69
411,초록마을로3길,2654,1529,1125,210,462,631,738,610,71,241,362,440,413,139,221,269,298,197
412,월정로20길,2006,1134,872,191,332,455,646,379,98,192,278,353,211,93,140,177,293,168
413,우장산로6길,2451,962,1489,382,546,615,609,292,82,206,228,271,169,300,340,387,338,123
414,양천로73가길,4584,2971,1613,601,1203,1052,939,774,301,763,690,615,590,300,440,362,324,184
415,양천로71길,2748,1469,1279,290,602,677,708,468,99,260,313,419,375,191,342,364,289,93
416,양천로49길,6966,3821,3145,802,1465,1647,1953,1073,410,824,979,895,699,392,641,668,1058,374
417,양천로26길,7874,4101,3773,1865,1968,1891,1207,890,694,1151,1095,678,448,1171,817,796,529,442
418,양천로24길,3652,1779,1873,478,865,902,840,558,186,455,457,379,299,292,410,445,461,259
419,양천로24가길,3730,1789,1941,423,713,913,956,718,187,398,471,382,350,236,315,442,574,368
420,양천로14길,4034,2009,2025,441,781,1025,1051,729,198,419,499,471,422,243,362,526,580,307
421,방화대로6라길,3479,2171,1308,326,707,1095,880,465,164,462,702,523,319,162,245,393,357,146
422,방화대로21길,2587,1383,1204,338,545,665,599,433,113,264,375,331,300,225,281,290,268,133
423,등촌로5길,2451,1147,1304,260,472,572,621,523,105,230,278,252,279,155,242,294,369,244
424,등촌로55길,4290,2307,1983,595,994,1014,916,759,221,556,587,492,442,374,438,427,424,317
425,등촌로51길,3334,1622,1712,437,724,772,734,658,152,355,396,351,362,285,369,376,383,296
426,등촌로39길,1626,667,959,199,320,449,438,213,49,121,192,179,121,150,199,257,259,92
427,등촌로13길,1795,744,1051,184,348,511,499,252,64,161,192,183,143,120,187,319,316,109
428,남부순환로11길,2517,1644,873,225,490,710,664,426,102,294,469,444,335,123,196,241,220,91
429,까치산로4길,2193,771,1422,324,504,598,454,305,76,191,225,147,130,248,313,373,307,175
430,국회대로7길,2892,1525,1367,346,604,736,770,428,161,368,410,345,235,185,236,326,425,193
431,공항대로8길,3249,1946,1303,356,597,767,868,653,136,309,454,543,503,220,288,313,325,150
432,공항대로61길,5631,3083,2548,816,1335,1292,1126,1050,301,695,744,666,669,515,640,548,460,381
433,공항대로59다길,6315,3404,2911,811,1512,1651,1408,921,276,762,1011,810,540,535,750,640,598,381
434,공항대로59길,5653,3160,2493,821,1405,1289,1125,997,326,754,757,681,630,495,651,532,444,367
435,공항대로55길,16672,9772,6900,3640,4723,4057,2651,1487,1482,2841,2688,1714,975,2158,1882,1369,937,512
436,공항대로42길,5217,2421,2796,720,1081,1141,1192,1060,268,568,623,502,448,452,513,518,690,612
437,공항대로38길,5875,2921,2954,1186,1315,1299,1098,907,520,710,711,482,466,666,605,588,616,441
438,곰달래로60길,3422,1485,1937,447,718,821,814,612,135,330,387,308,319,312,388,434,506,293
439,곰달래로53길,1015,410,605,124,215,292,274,110,28,85,104,122,71,96,130,188,152,39
440,곰달래로47길,1245,464,781,138,266,368,344,128,33,109,121,118,82,105,157,247,226,46
441,곰달래로31길,1945,720,1225,232,364,459,538,348,90,180,170,139,139,142,184,289,399,209
442,곰달래로25길,2681,957,1724,333,481,662,715,479,107,215,247,179,203,226,266,415,536,276
443,개화동로25길,40321,23200,17121,7837,12837,10958,7184,1473,2332,5989,7235,6332,1297,5505,6848,3723,852,176
444,개화동로23길,39856,22883,16973,7855,12826,10856,6969,1316,2322,5963,7177,6222,1184,5533,6863,3679,747,132
445,강서로8길,3851,1897,1954,550,887,879,915,606,234,486,430,397,342,316,401,449,518,264
446,강서로5라길,2754,1453,1301,402,702,703,615,326,181,401,355,286,228,221,301,348,329,98
447,강서로5나길,2865,1760,1105,273,536,668,864,515,156,336,414,505,343,117,200,254,359,172
448,강서로5가길,2721,1393,1328,366,538,580,717,508,163,299,294,334,296,203,239,286,383,212
449,강서로47라길,3113,1099,2014,473,754,774,803,301,86,264,248,322,176,387,490,526,481,125
450,강서로47길,3332,1134,2198,482,770,871,847,351,91,272,269,314,183,391,498,602,533,168
451,강서로45다길,2508,978,1530,376,478,574,655,420,91,187,223,269,207,285,291,351,386,213
452,강서로45길,2116,730,1386,307,425,516,586,277,72,159,183,192,124,235,266,333,394,153
453,강서로35길,2936,1250,1686,473,602,701,646,500,124,266,309,274,271,349,336,392,372,229
454,강서로29길,3641,1463,2178,559,820,940,782,523,134,352,415,302,253,425,468,525,480,270
455,강서로18길,1685,602,1083,210,317,439,449,264,70,137,154,124,114,140,180,285,325,150
456,강서로17가길,1768,653,1115,243,338,447,450,282,79,135,176,133,126,164,203,271,317,156
457,강서로15길,3170,1523,1647,362,567,771,892,561,139,263,379,411,321,223,304,392,481,240
458,가로공원로80길,1833,749,1084,197,393,501,444,292,66,165,211,169,134,131,228,290,275,158
459,가로공원로76가길,2437,1210,1227,220,438,638,687,445,84,207,320,354,240,136,231,318,333,205
460,화곡로4길,3083,1658,1425,282,492,629,638,1042,82,188,236,249,903,200,304,393,389,139
461,화곡로3길,1504,506,998,201,323,431,397,152,49,95,128,145,89,152,228,303,252,63
462,지양로7길,1897,1188,709,97,209,431,673,485,29,100,233,450,375,68,109,198,223,110
463,중앙로55길,2824,1420,1404,308,566,658,829,460,157,317,310,374,261,151,249,348,455,199
464,중앙로51길,2203,1035,1168,186,399,559,631,425,78,176,211,300,269,108,223,348,331,156
465,중앙로47길,2188,936,1252,283,422,579,564,332,107,210,242,197,176,176,212,337,367,156
466,중앙로45길,2314,1037,1277,276,424,605,594,410,87,186,249,274,239,189,238,356,320,171
467,중앙로36길,2431,1116,1315,347,457,578,589,450,144,246,264,254,207,203,211,314,335,243
468,중앙로32길,3963,2005,1958,437,821,1054,951,688,165,400,546,474,419,272,421,508,477,269
469,중앙로25길,1994,859,1135,210,398,535,549,298,86,198,226,185,162,124,200,309,364,136
470,은행정로7길,3745,1691,2054,459,735,870,968,695,169,374,392,416,333,290,361,478,552,362
471,은행정로5길,2810,1225,1585,346,559,651,730,515,134,287,279,290,234,212,272,372,440,281
472,오목로5길,2734,1594,1140,207,452,657,828,588,105,250,324,480,435,102,202,333,348,153
473,오목로3길,3112,2075,1037,216,436,672,1021,761,111,261,370,683,647,105,175,302,338,114
474,오목로30길,3399,1586,1813,381,669,822,893,621,152,327,372,416,311,229,342,450,477,310
475,오목로23길,3228,1713,1515,399,707,733,856,528,197,399,385,427,302,202,308,348,429,226
476,신월로20길,1490,666,824,182,264,393,393,256,61,128,154,170,151,121,136,239,223,105
477,신월로15길,3102,1818,1284,226,422,680,989,777,86,227,317,582,601,140,195,363,407,176
478,신목로6길,3332,1349,1983,596,741,820,719,443,166,321,328,271,260,430,420,492,448,183
479,신목로5길,3233,1670,1563,597,834,733,678,353,330,465,338,312,193,267,369,395,366,160
480,신목로2길,1889,839,1050,262,364,499,428,333,84,157,211,186,200,178,207,288,242,133
481,목동중앙서로8가길,2456,1071,1385,334,513,585,558,461,91,215,273,224,265,243,298,312,334,196
482,목동중앙서로7길,2513,1195,1318,268,447,617,652,525,114,218,294,269,296,154,229,323,383,229
483,목동중앙북로8길,2966,1375,1591,463,715,740,671,365,148,332,371,308,210,315,383,369,363,155
484,목동중앙북로16길,3014,1697,1317,314,681,915,664,435,110,356,570,394,265,204,325,345,270,170
485,목동중앙본로7길,1719,711,1008,180,366,468,474,229,79,150,146,195,140,101,216,322,279,89
486,목동중앙로3길,1397,532,865,144,309,403,367,172,48,103,134,126,119,96,206,269,241,53
487,목동중앙로13나길,1571,1007,564,238,550,453,208,119,94,354,311,155,92,144,196,142,53,27
488,목동중앙남로3가길,1769,801,968,185,381,466,467,268,75,177,179,206,163,110,204,287,261,105
489,목동로9길,5490,2511,2979,756,1165,1419,1289,844,250,530,710,578,438,506,635,709,711,406
490,목동로19길,5437,2412,3025,788,1153,1354,1253,871,217,482,650,544,511,571,671,704,709,360
491,목동동로8길,2359,946,1413,266,532,627,636,287,79,185,241,284,151,187,347,386,352,136
492,목동동로12길,7956,3930,4026,1617,2166,1798,1459,860,655,1097,913,728,498,962,1069,885,731,362
493,목동남로4길,1098,547,551,107,229,304,305,151,41,119,125,153,108,66,110,179,152,43
494,남부순환로88길,3013,2188,825,163,356,664,952,875,68,201,442,692,784,95,155,222,260,91
495,남부순환로79길,2667,1501,1166,233,367,594,647,819,83,192,247,304,670,150,175,347,343,149
496,남부순환로70길,3324,2288,1036,182,344,712,1164,920,76,203,412,848,747,106,141,300,316,173
497,남부순환로58길,1624,722,902,151,292,452,465,261,64,133,183,210,130,87,159,269,255,131
498,남부순환로40길,3235,2092,1143,203,403,612,717,1299,64,170,294,421,1143,139,233,318,296,156
499,남부순환로33길,3650,2102,1548,316,562,778,818,1170,113,250,333,389,1013,203,312,445,429,157
500,곰달래로5길,3869,2214,1655,304,578,811,890,1282,108,267,352,424,1060,196,311,459,466,222
501,곰달래로3길,2731,1397,1334,209,446,744,838,491,90,215,365,442,283,119,231,379,396,208
502,곰달래로2길,2485,1551,934,205,362,617,792,506,103,219,371,511,344,102,143,246,281,162
503,곰달래로10길,2927,1737,1190,266,481,705,904,565,131,291,406,536,369,135,190,299,368,196
504,가로공원로58길,1562,927,635,102,208,354,474,423,32,94,183,296,322,70,114,171,178,101
505,효창원로93길,4712,2204,2508,910,1121,1267,986,410,307,501,576,563,252,603,620,691,423,158
506,토정로37길,19313,11467,7846,3293,4734,4536,3836,2816,1521,2936,2983,2167,1823,1772,1798,1553,1669,993
507,월드컵로8길,15904,8137,7767,3860,4570,3398,1871,2131,1440,2511,2139,1064,964,2420,2059,1259,807,1167
508,월드컵로7길,7140,3910,3230,1650,2224,1722,940,576,674,1251,1117,514,344,976,973,605,426,232
509,월드컵로36길,8254,3407,4847,818,1382,1613,2471,1959,290,552,819,986,755,528,830,794,1485,1204
510,월드컵로25길,2313,1250,1063,334,539,628,512,300,165,303,331,245,206,169,236,297,267,94
511,월드컵로19길,7247,3898,3349,1445,1710,1630,1286,1135,613,916,904,587,855,832,794,726,699,280
512,월드컵로16길,8954,4663,4291,1794,2262,2050,1527,1282,730,1177,1132,697,906,1064,1085,918,830,376
513,월드컵로11길,6592,3155,3437,1519,1696,1534,1172,630,636,886,816,461,335,883,810,718,711,295
514,월드컵로10길,12090,5773,6317,2622,3086,2499,1774,2044,1110,1625,1444,755,809,1512,1461,1055,1019,1235
515,와우산로3길,6207,3604,2603,1940,1896,1245,704,380,855,1155,827,485,251,1085,741,418,219,129
516,와우산로29길,9758,5155,4603,2379,2608,2484,1672,554,1173,1611,1326,729,299,1206,997,1158,943,255
517,와우산로29가길,7546,4678,2868,1934,2032,1600,1126,811,893,1288,1117,785,580,1041,744,483,341,231
518,양화진길,10152,5309,4843,2417,3425,2572,1222,470,773,1758,1612,837,317,1644,1667,960,385,153
519,양화로1길,9172,4769,4403,2148,3105,2355,1003,528,722,1601,1469,627,341,1426,1504,886,376,187
520,양화로11길,15439,7711,7728,3931,4402,3170,1757,2090,1423,2420,1968,958,914,2508,1982,1202,799,1176
521,신촌로30길,1656,629,1027,267,466,434,287,192,54,144,167,132,131,213,322,267,155,61
522,신촌로28가길,1065,385,680,164,295,282,193,123,35,95,94,80,80,129,200,188,113,43
523,신촌로12길,9488,4764,4724,2142,2243,2380,1785,885,1037,1279,1216,743,461,1105,964,1164,1042,424
524,숭문길,11314,7256,4058,1923,3223,2878,2024,1164,1070,2047,2034,1266,798,853,1176,844,758,366
525,숭문8길,6219,4024,2195,744,1427,1596,1487,958,462,913,1096,888,662,282,514,500,599,296
526,성지3길,6176,3478,2698,1420,1775,1477,982,483,526,1002,939,658,332,894,773,538,324,151
527,성산로4길,8114,3885,4229,963,1447,1649,2144,1889,370,793,1008,884,817,593,654,641,1260,1072
528,성미산로32길,3803,2062,1741,1059,1143,801,471,308,504,664,470,235,176,555,479,331,236,132
529,성미산로1길,7594,4150,3444,1378,1600,1765,1510,1297,591,849,970,741,969,787,751,795,769,328
530,성미산로11길,6590,4122,2468,996,1487,1413,1115,1560,406,835,851,678,1342,590,652,562,437,218
531,백범로16길,16851,10466,6385,3104,4877,4231,2771,1746,1528,3139,2933,1671,1145,1576,1738,1298,1100,601
532,방울내로9안길,4032,2245,1787,569,785,980,951,738,223,425,571,535,487,346,360,409,416,251
533,모래내로7길,3546,2261,1285,389,549,686,758,1154,116,276,387,483,994,273,273,299,275,160
534,매봉산로2길,17750,9941,7809,4343,6110,4701,1801,755,1597,3412,3218,1166,526,2746,2698,1483,635,229
535,망원로2길,2820,1480,1340,433,694,741,575,375,190,382,407,274,227,243,312,334,301,148
536,망원로11길,6720,3775,2945,1183,1335,1504,1400,1262,537,751,835,683,942,646,584,669,717,320
537,만리재옛길,13649,7519,6130,2291,3577,3254,3098,1392,1011,2121,1960,1680,739,1280,1456,1294,1418,653
538,마포대로4길,18376,10766,7610,3162,4348,4181,3765,2834,1427,2602,2774,2116,1816,1735,1746,1407,1649,1018
539,마포대로20길,8436,4406,4030,1613,2481,2129,1365,820,752,1373,1109,731,435,861,1108,1020,634,385
540,마포대로12길,20035,11048,8987,3890,5635,4853,4055,1512,1575,3316,2944,2238,946,2315,2319,1909,1817,566
541,동교로38길,6660,3556,3104,1570,1920,1641,985,511,716,1090,939,477,321,854,830,702,508,190
542,동교로27길,13228,6293,6935,3746,3907,2699,1680,1112,1267,2042,1583,802,556,2479,1865,1116,878,556
543,동교로25길,12470,6412,6058,2810,3551,2835,2024,1197,1006,1905,1751,1104,622,1804,1646,1084,920,575
544,동교로19길,14225,7970,6255,2722,3767,3104,2277,2323,959,2000,1998,1334,1665,1763,1767,1106,943,658
545,동교로17길,15639,8061,7578,3067,4095,3353,2359,2712,1094,2112,2042,1350,1445,1973,1983,1311,1009,1267
546,독막로8길,6944,3785,3159,2087,2108,1441,843,423,825,1214,905,552,270,1262,894,536,291,153
547,독막로32길,4840,2656,2184,643,1239,1348,915,685,270,678,759,501,448,373,561,589,414,237
548,독막로22길,5337,2619,2718,917,1100,1122,932,1243,293,495,677,542,606,624,605,445,390,637
549,도화길,31337,18021,13316,5897,7740,7519,6480,3545,2831,4735,4742,3397,2251,3066,3005,2777,3083,1294
550,도화4길,21909,12497,9412,4157,4976,5077,4989,2583,2155,3070,3114,2472,1632,2002,1906,1963,2517,951
551,대흥로28길,1769,715,1054,321,470,428,313,224,85,172,177,147,131,236,298,251,166,93
552,대흥로21길,6556,3160,3396,1167,1772,1500,1294,791,373,804,797,710,465,794,968,703,584,326
553,광성로6길,4449,2444,2005,585,1111,1232,988,525,228,520,706,622,367,357,591,526,366,158
554,홍제내길,1237,532,705,156,240,321,347,172,38,99,149,160,86,118,141,172,187,86
555,홍연길,1461,789,672,128,229,343,472,289,49,122,181,265,172,79,107,162,207,117
556,통일로39길,2092,762,1330,338,496,539,440,269,100,181,184,169,123,238,315,355,271,146
557,통일로37길,2084,773,1311,310,450,535,476,308,77,166,185,178,164,233,284,350,298,144
558,통일로11길,1390,631,759,184,297,370,364,170,75,111,152,181,110,109,186,218,183,60
559,충정로6길,59195,33776,25419,10118,19199,16732,10629,2402,3796,10356,9994,7949,1658,6322,8843,6738,2680,744
560,충정로4길,22633,13565,9068,3903,7062,5763,3855,2011,1738,4128,3787,2499,1397,2165,2934,1976,1356,614
561,증가로6길,1991,1067,924,234,357,480,593,325,88,183,259,329,207,146,174,221,264,118
562,증가로23나길,2934,1333,1601,293,516,760,799,558,91,202,306,389,342,202,314,454,410,216
563,증가로20가길,1276,495,781,155,273,397,302,144,44,98,135,125,90,111,175,262,177,54
564,증가로10길,1927,893,1034,281,466,486,472,218,98,219,227,214,133,183,247,259,258,85
565,응암로1길,2762,1312,1450,330,535,727,721,438,127,265,356,328,231,203,270,371,393,207
566,연희로10길,14872,5908,8964,3827,4624,3401,2223,788,994,1590,1402,1333,586,2833,3034,1999,890,202
567,신촌로37길,7562,4672,2890,1458,2295,1580,1244,974,798,1354,1042,780,696,660,941,538,464,278
568,수색로8길,3128,2132,996,192,377,575,859,1117,69,184,317,582,974,123,193,258,277,143
569,세무서길,2353,891,1462,349,502,622,532,338,106,172,210,221,177,243,330,412,311,161
570,세무서2길,2195,813,1382,302,404,572,554,357,75,144,195,201,194,227,260,377,353,163
571,세검정로1길,2205,876,1329,254,398,539,507,500,85,150,179,204,255,169,248,360,303,245
572,북아현로4길,7975,4956,3019,1520,2355,1727,1362,1001,823,1422,1149,844,716,697,933,578,518,285
573,모래내로15길,2144,1047,1097,345,469,548,489,281,96,201,278,285,182,249,268,270,204,99
574,명지대길,2438,1275,1163,371,511,575,641,333,146,244,282,361,238,225,267,293,280,95
575,독립문로8길,3344,1644,1700,463,771,889,802,412,163,348,446,434,250,300,423,443,368,162
576,가재울로6길,1546,819,727,217,307,412,377,230,69,145,224,214,166,148,162,188,163,64
577,통일로92길,2300,1049,1251,376,512,609,541,252,151,243,239,264,147,225,269,370,277,105
578,통일로87길,2025,868,1157,341,415,520,461,279,127,193,194,202,150,214,222,326,259,129
579,통일로78길,2128,853,1275,309,406,548,501,350,86,162,218,197,185,223,244,330,304,165
580,통일로69길,2391,912,1479,304,469,618,600,391,113,199,243,189,166,191,270,375,411,225
581,진흥로1길,3828,1866,1962,470,706,901,933,805,160,368,461,427,444,310,338,440,506,361
582,진흥로12길,5253,2218,3035,836,1329,1333,1125,616,280,555,617,463,296,556,774,716,662,320
583,증산서길,2846,1634,1212,339,510,584,660,741,76,207,299,411,636,263,303,285,249,105
584,증산로9길,1371,740,631,152,273,371,339,235,62,126,197,188,166,90,147,174,151,69
585,증산로5길,1473,781,692,163,295,386,373,252,67,143,190,206,172,96,152,196,167,80
586,증산로21길,2315,1028,1287,293,448,554,597,420,92,208,252,260,213,201,240,302,337,207
587,증산로17길,2202,1064,1138,259,371,471,535,562,104,177,225,261,295,155,194,246,274,267
588,증산로15길,1752,902,850,144,263,394,446,504,60,127,196,238,281,84,136,198,208,223
589,증산로13길,1878,935,943,160,278,428,476,533,71,138,228,230,267,89,140,200,246,266
590,응암로34길,2396,1029,1367,335,507,640,532,368,122,235,277,203,186,213,272,363,329,182
591,응암로22길,1782,817,965,246,356,426,461,290,98,136,168,234,180,148,220,258,227,110
592,응암로14길,1669,693,976,230,329,463,410,233,84,140,178,170,119,146,189,285,240,114
593,응암로13길,2333,1040,1293,299,435,557,581,456,114,184,227,257,256,185,251,330,324,200
594,응암로12길,1786,712,1074,199,342,487,475,279,65,141,188,177,140,134,201,299,298,139
595,은평로8길,2908,1279,1629,469,620,720,637,447,167,300,317,247,240,302,320,403,390,207
596,은평로3길,3035,1417,1618,403,639,739,708,541,136,312,337,323,304,267,327,402,385,237
597,은평로20길,3585,1680,1905,385,840,962,908,482,133,293,400,520,330,252,547,562,388,152
598,은평로13길,7151,3405,3746,791,1403,1836,1862,1232,287,606,842,935,724,504,797,994,927,508
599,은평로10길,3809,1669,2140,438,698,975,957,723,153,316,444,362,388,285,382,531,595,335
600,연서로5길,2341,1209,1132,250,456,544,596,489,111,236,270,283,306,139,220,274,313,183
601,연서로41길,1549,818,731,171,384,472,393,127,76,229,239,211,62,95,155,233,182,65
602,연서로3길,2221,1040,1181,263,394,550,558,449,98,207,252,240,239,165,187,298,318,210
603,연서로34길,1417,476,941,175,292,390,379,177,43,109,123,118,80,132,183,267,261,97
604,연서로33길,1742,674,1068,250,323,455,396,312,65,130,190,146,139,185,193,265,250,173
605,연서로29길,2881,1090,1791,546,659,688,603,365,176,290,235,209,172,370,369,453,394,193
606,연서로28길,3929,1484,2445,793,815,965,781,544,230,335,381,275,248,563,480,584,506,296
607,연서로27길,3472,1316,2156,630,785,879,743,416,179,348,316,267,196,451,437,563,476,220
608,연서로21길,4240,2004,2236,464,681,1015,1353,714,137,310,465,720,364,327,371,550,633,350
609,연서로17길,4227,1925,2302,457,678,1031,1354,696,116,276,459,719,351,341,402,572,635,345
610,연서로16길,3407,1345,2062,434,661,883,859,558,124,265,366,282,302,310,396,517,577,256
611,연서로13길,4175,2025,2150,423,674,996,1362,708,122,277,460,737,425,301,397,536,625,283
612,연서로11길,1791,751,1040,189,332,447,485,331,68,126,194,180,182,121,206,253,305,149
613,역말로9길,2285,905,1380,316,456,583,553,369,91,181,250,205,175,225,275,333,348,194
614,수색로18길,1468,751,717,216,254,257,275,459,37,78,134,144,355,179,176,123,131,104
615,서오릉로8길,2059,871,1188,237,349,567,572,327,90,145,239,217,174,147,204,328,355,153
616,서오릉로21길,2364,1441,923,136,264,526,912,524,46,108,292,658,337,90,156,234,254,187
617,불광천길,2324,1044,1280,344,495,557,580,340,165,230,237,232,174,179,265,320,348,166
618,갈현로7길,2720,1020,1700,388,592,683,705,348,126,237,279,225,152,262,355,404,480,196
619,갈현로41길,898,420,478,111,172,209,252,150,62,89,73,110,86,49,83,136,142,64
620,갈현로33길,1585,632,953,193,403,394,385,207,72,191,137,128,104,121,212,257,257,103
621,갈현로1길,1905,773,1132,236,414,505,458,291,49,164,209,186,165,187,250,296,272,126
622,가좌로7길,2464,1265,1199,229,401,622,711,496,76,163,265,397,362,153,238,357,314,134
623,한글비석로44길,2289,1158,1131,220,320,477,573,695,99,181,215,264,398,121,139,262,309,297
624,한글비석로24길,2538,1140,1398,263,379,626,738,528,103,214,284,308,231,160,165,342,430,297
625,한글비석로22길,2498,941,1557,264,426,601,697,504,90,194,229,225,202,174,232,372,472,302
626,석계로1길,2119,1100,1019,281,318,534,558,419,98,151,268,291,290,183,167,266,267,129
627,상계로9가길,3297,1204,2093,425,595,857,912,502,128,258,312,304,199,297,337,545,608,303
628,상계로1길,3131,1164,1967,556,582,725,810,429,204,256,250,256,186,352,326,475,554,243
629,상계로12길,3410,1385,2025,434,623,834,943,569,141,259,317,359,304,293,364,517,584,265
630,동일로242길,3250,1937,1313,274,482,686,711,1083,131,286,343,384,786,143,196,343,327,297
631,동일로192길,5554,3162,2392,537,871,1188,1271,1667,273,553,680,684,958,264,318,508,587,709
632,동일로173가길,8070,4082,3988,878,1346,1698,1963,2157,385,801,924,897,1061,493,545,774,1066,1096
633,공릉로58길,5242,2698,2544,1042,1325,1152,1165,541,387,625,621,697,355,655,700,531,468,186
634,해등로16길,4681,2265,2416,606,1145,1147,1197,573,189,548,560,637,322,417,597,587,560,251
635,우이천로4다길,1549,772,777,150,261,390,504,240,51,108,181,274,154,99,153,209,230,86
636,우이천로32길,1811,781,1030,341,406,450,406,205,80,177,211,177,136,261,229,239,229,69
637,시루봉로23길,3367,1869,1498,313,622,774,915,731,106,279,399,558,518,207,343,375,357,213
638,삼양로144길,1599,553,1046,291,294,404,404,201,48,117,163,131,93,243,177,241,273,108
639,방학로6가길,1759,701,1058,230,292,431,466,336,81,137,185,164,132,149,155,246,302,204
640,방학로5길,3573,1502,2071,506,678,827,893,653,160,334,351,339,308,346,344,476,554,345
641,방학로15길,1390,673,717,121,243,330,407,289,33,84,134,177,245,88,159,196,230,44
642,방학로10길,1790,701,1089,175,324,466,459,363,57,141,193,143,164,118,183,273,316,199
643,도봉산길,1632,1164,468,84,172,420,602,351,36,95,280,477,275,48,77,140,125,76
644,도봉산4길,1298,981,317,53,117,303,522,302,19,71,234,435,221,34,46,69,87,81
645,도봉로181길,1648,879,769,137,230,404,515,358,45,107,192,302,232,92,123,212,213,126
646,도봉로169나길,2020,1155,865,124,400,507,575,413,47,172,276,372,287,77,228,231,203,126
647,도봉로156길,2949,1620,1329,215,524,710,766,726,76,220,364,467,489,139,304,346,299,237
648,도봉로152가길,2537,1419,1118,184,491,610,649,601,64,215,341,411,387,120,276,269,238,214
649,도봉로147길,3136,1562,1574,425,590,698,857,553,180,338,365,413,261,245,252,333,444,292
650,도봉로143길,2700,1304,1396,323,490,667,751,460,129,278,344,341,207,194,212,323,410,253
651,도봉로114길,2887,1370,1517,478,607,682,734,374,163,264,320,373,242,315,343,362,361,132
652,도봉로109길,3434,1534,1900,739,747,797,773,366,207,310,363,401,245,532,437,434,372,121
653,도당로29길,3176,1657,1519,412,556,724,839,623,177,279,354,434,402,235,277,370,405,221
654,도당로19길,1087,507,580,116,174,308,300,184,44,90,151,135,84,72,84,157,165,100
655,도당로13바길,1296,550,746,141,261,370,338,186,55,126,161,116,92,86,135,209,222,94
656,도당로13가길,1155,497,658,134,196,313,306,206,52,105,138,114,88,82,91,175,192,118
657,덕릉로60길,1361,586,775,127,253,368,385,225,39,90,159,155,140,88,163,209,230,85
658,노해로63다길,3882,1946,1936,488,994,1019,963,407,153,459,501,553,274,335,535,518,410,133
659,노해로60길,2895,1380,1515,487,628,682,716,370,168,273,331,363,237,319,355,351,353,133
660,한천로140길,4166,2026,2140,449,955,1046,1142,563,146,421,498,627,325,303,534,548,515,238
661,한천로139가길,4968,2487,2481,609,1142,1139,1190,865,238,543,585,660,447,371,599,554,530,418
662,한천로132길,5259,2693,2566,594,1241,1262,1456,688,222,655,633,814,358,372,586,629,642,330
663,한천로130길,2136,973,1163,262,353,511,612,391,75,155,216,287,236,187,198,295,325,155
664,한천로124나길,2922,1580,1342,389,647,653,810,416,155,407,336,440,239,234,240,317,370,177
665,한천로109길,2011,978,1033,291,333,482,516,377,109,154,229,244,235,182,179,253,272,142
666,인수봉로79길,2164,973,1191,259,421,499,519,462,78,172,226,268,226,181,249,273,251,236
667,인수봉로72길,2235,873,1362,261,499,594,543,330,71,201,240,198,158,190,298,354,345,172
668,인수봉로56길,2547,1297,1250,240,447,659,806,394,67,215,359,433,223,173,232,300,373,171
669,오패산로67길,5765,3062,2703,798,1123,1273,1378,1173,309,661,693,745,645,489,462,580,633,528
670,오패산로52길,1088,430,658,142,259,299,297,87,42,90,116,130,49,100,169,183,167,38
671,오패산로30길,1465,634,831,169,304,421,317,249,68,139,168,121,136,101,165,253,196,113
672,수유로12길,5147,2380,2767,663,873,1143,1303,1156,195,418,525,594,645,468,455,618,709,511
673,솔샘로65길,3095,1422,1673,267,509,652,725,935,106,223,300,349,439,161,286,352,376,496
674,솔매로50길,3844,1621,2223,437,678,777,897,1048,147,273,344,380,473,290,405,433,517,575
675,솔매로45길,2636,1203,1433,365,538,616,612,499,114,209,285,284,307,251,329,331,328,192
676,솔매로41길,2274,1040,1234,317,452,558,537,404,107,175,252,237,265,210,277,306,300,139
677,삼양로93길,2326,1006,1320,251,486,573,642,371,68,216,246,260,215,183,270,327,382,156
678,삼양로77길,1442,503,939,171,321,410,362,177,46,108,122,125,102,125,213,288,237,75
679,삼양로54길,1522,653,869,163,289,392,418,254,48,128,165,177,129,115,161,227,241,125
680,삼양로41길,2162,849,1313,265,431,581,518,361,67,175,217,205,181,198,256,364,313,180
681,삼양로27길,1707,602,1105,250,398,495,342,215,70,136,152,128,112,180,262,343,214,103
682,삼양로24길,1806,839,967,215,364,485,424,312,70,156,204,204,201,145,208,281,220,111
683,삼양로20길,1114,440,674,161,262,328,276,84,49,93,116,122,58,112,169,212,154,26
684,삼각산로28길,6320,3220,3100,743,1237,1381,1567,1372,276,591,695,884,762,467,646,686,683,610
685,도봉로99길,2486,1084,1402,490,541,568,594,290,118,254,267,275,168,372,287,301,319,122
686,도봉로8길,2864,1160,1704,539,737,664,568,340,169,321,277,215,171,370,416,387,353,169
687,도봉로76길,5726,3093,2633,721,1145,1289,1398,1167,254,644,712,807,674,467,501,577,591,493
688,도봉로67길,2058,877,1181,278,414,519,503,342,76,156,217,226,200,202,258,302,277,142
689,도봉로45길,2875,1260,1615,387,618,688,725,450,125,245,296,302,287,262,373,392,423,163
690,도봉로18길,2885,1303,1582,237,435,632,669,901,96,186,278,322,413,141,249,354,347,488
691,도봉로13길,1557,607,950,246,298,403,394,208,55,106,162,173,108,191,192,241,221,100
692,덕릉로41길,7030,3606,3424,897,1536,1626,1848,1098,312,790,819,1058,614,585,746,807,790,484
693,덕릉로40길,2293,1460,833,206,291,540,834,416,104,158,327,581,285,102,133,213,253,131
694,노해로33길,1934,844,1090,316,350,497,504,264,70,172,247,211,143,246,178,250,293,121
695,노해로23길,1640,761,879,225,337,381,426,265,76,169,189,185,139,149,168,192,241,126
696,노해로17길,4792,2380,2412,522,1075,1140,1183,855,207,500,572,658,432,315,575,568,525,423
697,화랑로40길,3635,2270,1365,322,432,703,797,1372,115,222,374,470,1087,207,210,329,327,285
698,화랑로32길,2485,1116,1369,321,536,688,572,361,104,209,333,265,202,217,327,355,307,159
699,화랑로1길,4370,2308,2062,703,968,1154,997,522,274,543,645,569,273,429,425,509,428,249
700,화랑로19길,1967,978,989,238,447,587,444,246,94,216,288,205,174,144,231,299,239,72
701,화랑로14길,4281,2397,1884,1048,1198,890,723,415,503,758,502,381,252,545,440,388,342,163
702,화랑로13길,5057,2819,2238,1180,1334,1048,944,544,520,826,612,536,324,660,508,436,408,220
703,한천로76길,2008,1052,956,243,364,519,552,322,88,176,273,314,199,155,188,246,238,123
704,한천로101가길,1300,565,735,165,280,337,311,195,53,115,119,154,115,112,165,218,157,80
705,창경궁로43길,3313,1562,1751,520,787,898,704,370,144,335,416,420,232,376,452,482,284,138
706,지봉로20길,3415,1841,1574,391,565,664,681,1107,129,287,326,338,760,262,278,338,343,347
707,종암로5길,4981,2784,2197,706,1436,1297,1083,455,250,676,760,755,342,456,760,537,328,113
708,종암로24가길,2393,1261,1132,350,523,619,618,275,132,320,362,342,103,218,203,257,276,172
709,종암로21길,2678,1365,1313,345,582,715,685,342,127,336,392,375,132,218,246,323,310,210
710,종암로19길,1605,581,1024,262,297,394,384,261,79,123,166,119,92,183,174,228,265,169
711,종암로16길,1923,748,1175,313,388,495,460,260,91,151,197,169,138,222,237,298,291,122
712,정릉로8길,2471,1516,955,368,481,726,636,260,132,235,465,474,210,236,246,261,162,50
713,정릉로27길,2215,1060,1155,288,413,577,580,350,91,174,231,315,246,197,239,346,265,104
714,정릉로26길,1283,541,742,185,276,356,296,163,74,115,124,124,101,111,161,232,172,62
715,장위로50길,3081,1958,1123,238,332,506,679,1323,92,173,256,390,1047,146,159,250,289,276
716,장월로1길,4477,2498,1979,1110,1218,908,803,430,501,758,527,453,257,609,460,381,350,173
717,인촌로6길,3607,2015,1592,484,600,704,699,1106,167,309,380,378,778,317,291,324,321,328
718,인촌로5길,9127,4123,5004,1796,2543,2238,1903,624,435,970,1141,1186,382,1361,1573,1097,717,242
719,인촌로24길,9372,4693,4679,1723,2851,2377,1666,738,502,1224,1343,1094,528,1221,1627,1034,572,210
720,개운사길,8349,4109,4240,1610,2648,2076,1457,544,443,1112,1165,986,400,1167,1536,911,471,144
721,인촌로1길,6202,3133,3069,905,1487,1516,1546,726,342,662,767,945,407,563,825,749,601,319
722,인촌로17가길,5131,1988,3143,1298,1528,1231,823,239,232,527,608,464,154,1066,1001,623,359,85
723,오패산로4길,5981,3349,2632,1319,1537,1296,1137,681,583,952,763,663,386,736,585,533,474,295
724,오패산로3길,2879,1453,1426,449,651,733,630,402,175,330,390,333,224,274,321,343,297,178
725,오패산로19길,3311,1481,1830,612,839,842,640,361,223,402,399,263,191,389,437,443,377,170
726,안암로5길,4496,2418,2078,710,994,1110,936,729,270,536,634,527,448,440,458,476,409,281
727,아리랑로4길,3837,1662,2175,684,841,871,800,626,203,365,411,354,327,481,476,460,446,299
728,솔샘로6길,1472,827,645,174,236,381,418,260,65,107,204,260,189,109,129,177,158,71
729,성북로8길,2892,1262,1630,481,759,800,537,285,142,330,346,278,153,339,429,454,259,132
730,삼양로8길,3190,1134,2056,498,677,810,703,475,123,280,283,214,224,375,397,527,489,251
731,삼선교로16가길,1692,776,916,284,353,451,417,186,108,135,203,212,117,176,218,248,205,69
732,삼선교로10다길,1644,761,883,311,354,433,377,162,120,140,205,201,93,191,214,228,176,69
733,삼선교로10길,1906,749,1157,267,372,490,450,308,76,153,188,189,133,191,219,302,261,175
734,보문로32길,9280,4213,5067,1870,2612,2203,1905,669,464,1023,1118,1189,411,1406,1589,1085,716,258
735,보문로31길,6180,3087,3093,744,1392,1495,1670,864,277,617,753,972,461,467,775,742,698,403
736,보문로26길,6229,2500,3729,1477,1749,1460,1067,463,294,638,717,563,284,1183,1111,743,504,179
737,보문로13길,4013,2146,1867,446,677,785,779,1315,161,350,404,389,841,285,327,381,390,474
738,보국문로16길,2611,1421,1190,309,430,632,740,496,91,192,334,462,341,218,238,298,278,155
739,동소문로6길,2376,945,1431,335,554,663,473,321,93,232,244,213,148,242,322,419,260,173
740,동소문로2길,2298,1072,1226,347,480,578,507,368,114,263,275,236,175,233,217,303,271,193
741,동소문로26가길,7953,3130,4823,1867,2178,1789,1381,721,405,797,850,670,405,1462,1381,939,711,316
742,동소문로15길,5509,2336,3173,813,913,992,1091,1680,238,425,474,471,725,575,488,518,620,955
743,동소문로13길,6156,2666,3490,903,1103,1205,1187,1741,272,543,589,516,742,631,560,616,671,999
744,돌곶이로8길,1521,858,663,131,254,349,445,339,45,100,163,301,248,86,154,186,144,91
745,돌곶이로41길,770,354,416,114,143,195,180,132,37,67,79,84,82,77,76,116,96,50
746,돌곶이로28길,3461,2193,1268,318,435,604,746,1354,126,228,326,439,1074,192,207,278,307,280
747,돌곶이로27길,2485,1178,1307,288,545,661,614,370,95,231,330,286,236,193,314,331,328,134
748,돌곶이로22길,3157,1791,1366,307,456,577,608,1204,109,222,269,292,898,198,234,308,316,306
749,돌곶이로14길,1731,991,740,139,301,436,502,351,42,139,224,336,249,97,162,212,166,102
750,길음로7길,2018,744,1274,281,335,483,514,389,67,151,173,169,177,214,184,310,345,212
751,중랑천로10길,4843,3012,1831,677,1036,1328,1281,501,312,613,847,894,334,365,423,481,387,167
752,용마산로94길,2120,1216,904,252,328,524,614,399,96,145,286,399,289,156,183,238,215,110
753,용마산로118길,3028,1572,1456,401,513,720,787,603,120,216,323,461,452,281,297,397,326,151
754,용마산로112길,1987,1051,936,254,354,476,500,402,89,172,225,281,284,165,182,251,219,118
755,용마산로100길,1971,998,973,223,263,481,572,428,78,118,233,313,255,145,145,248,259,173
756,신내로7가길,2546,1005,1541,336,487,626,650,441,97,184,235,239,248,239,303,391,411,193
757,사가정로54길,2371,1300,1071,328,412,574,700,351,107,176,324,422,270,221,236,250,278,81
758,사가정로42길,1196,628,568,124,257,312,313,189,52,128,161,172,115,72,129,151,141,74
759,봉화산로56길,6060,3035,3025,596,1228,1497,1694,1032,186,509,664,967,701,410,719,833,727,331
760,봉화산로4길,1970,944,1026,187,363,556,523,338,69,181,270,219,202,118,182,286,304,136
761,봉화산로30길,2337,1157,1180,253,366,577,706,426,82,154,268,363,283,171,212,309,343,143
762,봉우재로33길,4722,2691,2031,631,1038,1229,1022,787,268,657,637,555,569,363,381,592,467,218
763,면목로78길,4247,2191,2056,538,998,1257,950,491,240,634,615,409,291,298,364,642,541,200
764,면목로56길,2652,1306,1346,344,483,708,798,314,97,208,375,438,186,247,275,333,360,128
765,면목로55길,2363,1189,1174,305,449,579,690,336,78,206,305,387,212,227,243,274,303,124
766,면목로49길,2816,1307,1509,423,582,717,739,348,104,235,368,390,209,319,347,349,349,139
767,면목로48길,2824,1327,1497,418,545,709,770,376,100,202,361,418,246,318,343,348,352,130
768,면목로45길,2737,1300,1437,436,567,686,693,346,112,223,371,379,214,324,344,315,314,132
769,면목로33길,1943,1136,807,198,318,498,675,253,73,150,278,458,177,125,168,220,217,76
770,면목로21길,1832,1100,732,208,280,464,605,273,79,130,274,436,181,129,150,190,169,92
771,망우로73길,2220,1176,1044,243,413,534,597,431,78,175,222,360,341,165,238,312,237,90
772,망우로68길,3300,1586,1714,385,571,760,893,676,102,241,351,450,439,283,330,409,443,237
773,동일로163길,2063,1013,1050,264,476,530,500,288,92,232,260,260,167,172,244,270,240,121
774,동일로157길,3871,1954,1917,482,757,874,850,901,166,368,418,406,594,316,389,456,444,307
775,동일로149길,2168,1179,989,233,365,455,451,661,88,177,230,224,458,145,188,225,227,203
776,동일로140길,3178,1565,1613,313,547,714,728,869,111,221,338,308,585,202,326,376,420,284
777,동일로139길,2631,1365,1266,242,410,571,584,818,89,193,296,248,535,153,217,275,336,283
778,동일로139가길,3257,1692,1565,330,544,740,753,880,120,253,384,344,585,210,291,356,409,295
779,동일로130길,2110,849,1261,228,374,586,598,321,70,147,235,218,178,158,227,351,380,143
780,동일로123길,3182,1650,1532,350,548,789,866,623,120,252,379,462,433,230,296,410,404,190
781,동일로112길,5932,3120,2812,862,1346,1629,1309,766,334,783,803,680,509,528,563,826,629,257
782,동일로101길,2256,1082,1174,239,413,593,613,394,75,182,280,294,248,164,231,313,319,146
783,동일로100길,4830,2650,2180,589,1098,1402,1117,613,262,684,712,570,418,327,414,690,547,195
784,답십리로75길,1786,1050,736,183,302,462,602,236,61,144,267,421,157,122,158,195,181,79
785,공릉로2길,2349,1119,1230,336,509,585,570,343,105,254,273,273,212,231,255,312,297,131
786,공릉로12가길,1893,785,1108,188,404,489,518,288,62,175,175,202,167,126,229,314,316,121
787,겸재로54길,2578,1140,1438,257,437,676,783,418,89,197,336,319,196,168,240,340,464,222
788,겸재로36길,2011,981,1030,223,338,485,595,363,63,162,215,289,249,160,176,270,306,114
789,겸재로29길,3936,2105,1831,514,931,1150,878,450,224,590,552,427,309,290,341,598,451,141
790,휘경로3길,2621,1375,1246,285,567,780,672,309,95,267,399,413,196,190,300,381,259,113
791,휘경로2길,2451,1315,1136,266,554,713,627,285,86,276,377,393,179,180,278,336,234,106
792,휘경로23길,576,254,322,71,114,168,134,87,29,42,71,61,50,42,72,97,73,37
793,휘경로14길,1532,758,774,223,271,338,290,404,91,143,163,122,235,132,128,175,168,169
794,한천로46길,2993,1685,1308,426,672,831,670,390,233,379,446,362,262,193,293,385,308,128
795,한천로40길,3836,2036,1800,524,746,948,980,634,276,447,504,470,338,248,299,444,510,296
796,한천로33길,1948,868,1080,214,364,511,564,293,90,187,221,238,132,124,177,290,326,161
797,한천로14길,8920,5286,3634,1160,1871,2081,1899,1884,529,1109,1304,1094,1238,631,762,777,805,646
798,천호대로97길,5759,3635,2124,685,1346,1343,1250,1120,373,888,807,747,815,312,458,536,503,305
799,천호대로77길,14144,8768,5376,2445,3069,2902,2718,2942,1211,1991,1888,1653,2003,1234,1078,1014,1065,939
800,천호대로45길,4559,2481,2078,563,1084,1183,1215,510,258,568,582,733,337,305,516,601,482,173
801,천호대로17길,8745,5262,3483,1621,2559,2074,1394,1076,674,1508,1380,935,762,947,1051,694,459,314
802,천호대로12길,13309,6843,6466,1792,3639,4178,2715,963,761,2143,2116,1251,568,1031,1496,2062,1464,395
803,천장산로7길,7698,3577,4121,1272,2142,2052,1629,599,309,828,1008,963,468,963,1314,1044,666,131
804,제기로5길,4836,2844,1992,569,1337,1337,1084,506,220,673,807,780,363,349,664,530,304,143
805,제기로21길,2569,1437,1132,371,682,560,606,348,170,421,327,335,182,201,261,233,271,166
806,전농로4길,23971,19834,4137,2445,4148,7665,7947,1718,1648,3153,6574,7051,1371,797,995,1091,896,347
807,전농로3길,3199,1446,1753,455,591,859,763,515,194,298,351,313,280,261,293,508,450,235
808,전농로29길,3197,1676,1521,385,804,862,780,363,147,343,484,455,245,238,461,378,325,118
809,장한로8길,10101,6207,3894,1355,2363,2390,2058,1890,641,1476,1441,1217,1410,714,887,949,841,480
810,장한로5길,9893,5857,4036,1213,1997,2230,2114,2301,558,1169,1362,1206,1542,655,828,868,908,759
811,장한로27길,4746,2111,2635,740,1000,1204,1094,671,254,464,557,473,354,486,536,647,621,317
812,장한로27가길,4908,2084,2824,704,958,1248,1242,734,228,433,547,510,361,476,525,701,732,373
813,장한로26길,3575,1555,2020,560,795,930,768,486,172,331,425,349,266,388,464,505,419,220
814,장한로26가길,5253,2648,2605,781,1208,1351,1160,719,274,611,719,574,459,507,597,632,586,260
815,장한로25길,4491,2146,2345,747,985,1147,978,595,277,477,579,465,335,470,508,568,513,260
816,장한로14길,4576,2686,1890,585,1100,1192,1072,623,231,623,725,631,473,354,477,467,441,150
817,이문로42길,1669,735,934,199,349,450,416,253,42,128,209,197,158,157,221,241,219,95
818,왕산로43길,4248,2262,1986,822,966,924,908,587,393,549,507,452,341,429,417,417,456,246
819,왕산로33길,2317,1334,983,294,419,524,556,519,129,235,334,288,343,165,184,190,268,176
820,왕산로32길,4345,2356,1989,523,1013,1100,1161,544,233,514,541,704,361,290,499,559,457,183
821,약령시로17길,3310,1960,1350,341,710,801,854,598,194,475,501,449,336,147,235,300,405,262
822,서울시립대로4길,2273,1232,1041,324,477,603,515,352,142,262,316,286,226,182,215,287,229,126
823,서울시립대로29길,3731,1932,1799,536,932,909,888,445,200,404,496,508,312,336,528,413,380,133
824,서울시립대로16길,1728,798,930,235,398,474,415,200,86,184,237,191,97,149,214,237,224,103
825,사가정로2길,5175,2731,2444,811,1209,1304,1067,771,364,666,662,523,512,447,543,642,544,259
826,사가정로23가길,3672,1950,1722,464,745,988,948,524,248,409,514,477,300,216,336,474,471,224
827,사가정로13길,3283,1574,1709,392,840,848,816,385,114,326,413,446,274,278,514,435,370,111
828,무학로45길,4590,2493,2097,878,1240,1109,772,582,356,625,649,459,403,522,615,460,313,179
829,무학로16길,11118,7623,3495,1445,2642,2724,2843,1433,755,1780,2100,2024,950,690,862,624,819,483
830,망우로21길,2322,1097,1225,426,492,525,410,446,134,240,262,188,263,292,252,263,222,183
831,망우로18길,4680,2159,2521,856,1112,1033,1007,650,233,474,526,510,407,623,638,507,497,243
832,망우로18가길,4261,1925,2336,798,1038,942,925,536,205,427,469,460,355,593,611,473,465,181
833,답십리로72길,4321,2270,2051,609,960,1099,954,676,216,486,590,515,455,393,474,509,439,221
834,답십리로69길,4317,2181,2136,676,924,1072,1019,612,300,465,549,500,361,376,459,523,519,251
835,답십리로68길,5672,2942,2730,906,1316,1450,1214,755,352,692,814,616,458,554,624,636,598,297
836,답십리로64길,4598,2433,2165,668,1007,1172,1038,699,286,545,649,544,405,382,462,523,494,294
837,답십리로63길,3256,1438,1818,448,617,787,869,522,159,323,358,369,225,289,294,429,500,297
838,답십리로60길,3461,2098,1363,442,747,887,818,563,257,459,552,467,361,185,288,335,351,202
839,답십리로56길,2046,1042,1004,269,423,523,508,314,109,224,280,238,183,160,199,243,270,131
840,답십리로23길,1192,577,615,184,217,333,274,180,81,103,174,134,84,103,114,159,140,96
841,난계로30길,15058,7007,8051,1851,3194,4074,3378,2488,726,1691,1791,1401,1348,1125,1503,2283,1977,1140
842,경희대로4길,7141,3071,4070,1333,1986,1740,1405,667,371,818,787,681,412,962,1168,953,724,255
843,경희대로3길,4651,1905,2746,1129,1412,943,801,356,348,663,391,321,178,781,749,552,480,178
844,천호대로129길,3585,1748,1837,476,780,808,864,627,198,378,407,395,359,278,402,401,469,268
845,천호대로123길,4838,2376,2462,618,1052,1192,1165,794,247,510,574,549,490,371,542,618,616,304
846,천호대로109길,5742,3224,2518,841,1399,1527,1218,745,380,783,890,693,473,461,616,637,525,272
847,자양번영로3길,1786,798,988,158,346,505,471,302,58,153,211,194,179,100,193,294,277,123
848,자양로53길,2807,1348,1459,317,456,660,787,581,115,230,302,353,346,202,226,358,434,235
849,자양로50길,2824,1318,1506,391,656,697,678,371,148,308,336,315,198,243,348,361,363,173
850,자양로45길,4330,2058,2272,540,850,1044,1112,756,217,410,497,500,424,323,440,547,612,332
851,자양로26길,5263,3393,1870,557,1228,1457,1408,609,268,773,987,1009,353,289,455,470,399,256
852,자양로15길,12753,7413,5340,1862,2861,3212,3261,1523,587,1340,2074,2239,1161,1275,1521,1138,1022,362
853,자양로11길,8047,5016,3031,960,1518,2091,2086,1367,377,871,1429,1350,982,583,647,662,736,385
854,용마산로3길,5244,2657,2587,757,1147,1282,1167,882,322,585,648,567,532,435,562,634,600,350
855,용마산로21길,4152,1889,2263,399,851,1052,1145,697,119,382,513,517,355,280,469,539,628,342
856,아차산로78길,4443,2376,2067,775,1084,1058,898,611,261,553,652,483,416,514,531,406,415,195
857,아차산로65길,4259,2000,2259,581,769,831,984,1072,209,372,416,456,535,372,397,415,528,537
858,아차산로55길,8966,5216,3750,681,1560,2669,2939,1106,335,948,1677,1577,673,346,612,992,1362,433
859,아차산로51길,12146,7228,4918,1574,2892,3258,3188,1210,535,1456,2134,2241,852,1039,1436,1124,947,358
860,아차산로40길,8136,4004,4132,1452,2198,1815,1572,1078,451,915,942,888,800,1001,1283,873,684,278
861,면목로17길,2393,1489,904,241,395,585,764,407,97,212,342,545,293,144,183,243,219,114
862,뚝섬로64길,4295,2893,1402,346,727,1259,1445,510,179,458,938,958,357,167,269,321,487,153
863,뚝섬로58길,4580,3064,1516,348,785,1323,1507,609,184,494,967,1003,413,164,291,356,504,196
864,뚝섬로54길,1566,705,861,131,307,404,406,317,50,140,161,167,187,81,167,243,239,130
865,뚝섬로48길,2118,939,1179,284,450,572,511,295,102,204,243,216,171,182,246,329,295,124
866,뚝섬로24길,1520,917,603,198,295,363,345,318,87,198,207,196,229,111,97,156,149,89
867,뚝섬로23길,3273,1739,1534,632,793,773,630,423,283,447,402,314,283,349,346,371,316,140
868,동일로24길,7166,4501,2665,1600,1861,1558,1267,832,925,1297,1030,676,547,675,564,528,591,285
869,동일로18길,9072,5783,3289,1871,2302,2032,1747,1065,1069,1578,1337,1045,718,802,724,695,702,347
870,능동로4길,1603,719,884,178,319,439,399,260,56,134,183,172,170,122,185,256,227,90
871,능동로3길,1612,789,823,230,307,397,374,298,71,153,182,179,202,159,154,215,195,96
872,능동로34길,8033,3684,4349,1480,1791,1817,1789,1126,623,879,844,698,628,857,912,973,1091,498
873,능동로19길,5593,2554,3039,1293,1595,1248,970,463,400,663,656,497,328,893,932,592,473,135
874,능동로13길,9580,4943,4637,2470,2817,2028,1434,757,1031,1568,1118,683,509,1439,1249,910,751,248
875,긴고랑로9길,3214,1328,1886,344,668,797,848,550,101,291,338,338,258,243,377,459,510,292
876,긴고랑로8길,3969,2085,1884,414,798,936,969,840,152,469,523,481,454,262,329,413,488,386
877,긴고랑로7길,3329,1658,1671,357,656,753,846,708,114,353,351,413,423,243,303,402,433,285
878,긴고랑로20길,3797,1708,2089,383,682,1023,1047,656,119,337,481,460,308,264,345,542,587,348
879,광나루로52길,10178,5587,4591,918,1678,2666,3263,1624,430,1005,1622,1656,857,488,673,1044,1607,767
880,광나루로40길,2184,1056,1128,244,416,566,586,372,66,187,295,309,199,178,229,271,277,173
881,광나루로37길,2418,1239,1179,306,475,546,651,431,94,213,282,357,290,212,262,264,294,141
882,광나루로36길,3597,2179,1418,483,906,837,856,508,205,576,526,553,316,278,330,311,303,192
883,광나루로24길,4327,1851,2476,1095,1352,955,659,245,307,529,491,350,166,788,823,464,309,79
884,광나루로12길,6290,3755,2535,1396,1682,1361,1110,691,722,1148,805,579,473,674,534,556,531,218
885,한림말길,1861,808,1053,392,433,446,351,232,139,188,182,154,143,253,245,264,197,89
886,한림말3길,1364,561,803,266,316,335,291,149,98,128,125,121,87,168,188,210,170,62
887,청계천로10나길,12953,8082,4871,1336,2807,3183,3842,1768,684,1725,2046,2483,1129,652,1082,1137,1359,639
888,장터길,1171,436,735,178,286,258,262,181,46,107,100,88,93,132,179,158,174,88
889,용답중앙길,4577,2409,2168,686,1078,1115,959,727,325,588,571,449,471,361,490,544,510,256
890,용답29길,25249,20572,4677,2581,4298,8129,8301,1871,1685,3209,6855,7286,1494,896,1089,1274,1015,377
891,왕십리로6길,30716,16912,13804,7527,9480,7021,4617,1882,3335,5817,4243,2172,1258,4192,3663,2778,2445,624
892,왕십리로31길,4770,2307,2463,749,1084,1065,1056,804,253,530,591,524,405,496,554,474,532,399
893,왕십리로26길,11724,6200,5524,2001,2685,2868,2620,1498,724,1361,1622,1596,874,1277,1324,1246,1024,624
894,왕십리로21길,2947,1227,1720,509,647,748,688,342,162,244,297,312,205,347,403,451,376,137
895,왕십리로14길,16569,9869,6700,3733,5344,3632,2311,1498,1479,3264,2430,1580,1096,2254,2080,1202,731,402
896,아차산로5길,33395,18340,15055,8114,10128,7863,4980,2121,3611,6135,4649,2441,1421,4503,3993,3214,2539,700
897,아차산로15길,25047,15338,9709,5145,6532,5779,4763,2682,2660,4367,3727,2708,1787,2485,2165,2052,2055,895
898,아차산로11길,30097,18222,11875,6224,7926,7168,5523,3089,2943,5061,4646,3364,2117,3281,2865,2522,2159,972
899,송정4가길,12547,7636,4911,2571,3521,2923,2180,1276,1225,2252,1787,1351,979,1346,1269,1136,829,297
900,송정12라길,1465,717,748,194,332,358,325,255,89,177,170,131,149,105,155,188,194,106
901,성수일로6길,44749,24947,19802,10837,13298,10255,6783,3296,4912,8156,6300,3459,1991,5925,5142,3955,3324,1305
902,성수이로7길,57714,26163,31551,11321,14432,15766,13805,2099,6315,9826,6358,2351,1133,5006,4606,9408,11454,966
903,성수이로18길,27076,16677,10399,5358,7026,6464,5114,3002,2758,4629,4301,3036,1884,2600,2397,2163,2078,1118
904,성덕정길,35179,14361,20818,5236,8090,10776,10308,615,3418,5848,3468,1108,406,1818,2242,7308,9200,209
905,성덕정17길,37415,15718,21697,5760,8639,11381,10621,870,3648,6196,3891,1305,573,2112,2443,7490,9316,297
906,서울숲2길,7418,4488,2930,1468,2107,1789,1246,772,609,1246,1185,828,603,859,861,604,418,169
907,상원길,30123,16326,13797,7246,9398,7041,4520,1757,3220,5726,4113,2072,1124,4026,3672,2928,2448,633
908,상원12길,15431,9227,6204,3566,5142,3402,2019,1254,1410,3163,2300,1406,927,2156,1979,1102,613,327
909,사근동길,7462,3626,3836,1642,1742,2013,1498,560,483,779,996,929,433,1159,963,1017,569,127
910,무학봉길,1475,593,882,202,313,413,332,210,63,118,163,125,120,139,195,250,207,90
911,무학봉28길,6826,3496,3330,1401,1603,1605,1300,889,470,817,879,788,529,931,786,726,512,360
912,무학로6길,9261,5075,4186,1540,1960,2199,2161,1359,570,1054,1328,1306,796,970,906,871,855,563
913,무수막길,1218,473,745,159,269,297,298,192,45,99,108,113,107,114,170,189,185,85
914,매봉길,1764,750,1014,302,458,399,352,246,90,200,182,144,133,212,258,217,208,113
915,마조로1길,11138,5745,5393,2135,2551,2964,2501,957,671,1146,1550,1659,703,1464,1405,1414,842,254
916,마조로16길,2806,1716,1090,256,576,712,773,485,123,324,421,460,386,133,252,291,313,99
917,마장로39길,3070,1982,1088,296,649,814,812,495,174,415,526,504,361,122,234,288,308,134
918,마장로27길,12883,8078,4805,1319,2688,3256,3740,1839,655,1601,2122,2462,1213,664,1087,1134,1278,626
919,뚝섬로5길,58712,26727,31985,12025,15595,15788,13415,1579,6584,10421,6338,2224,975,5441,5174,9450,11191,604
920,둘레9길,33878,13431,20447,4970,7599,10503,10107,551,3280,5518,3262,936,328,1690,2081,7241,9171,223
921,금호산길,1669,663,1006,238,392,391,392,250,59,154,152,168,129,179,238,239,224,121
922,금호산2길,1570,613,957,237,339,373,335,281,67,144,143,110,147,170,195,230,225,134
923,고산자로6길,9931,4828,5103,2123,2244,2560,2022,951,663,998,1270,1191,691,1460,1246,1290,831,260
924,후암로28길,6036,2917,3119,549,1050,2071,1792,560,199,535,970,903,305,350,515,1101,889,255
925,효창원로39길,1974,1034,940,195,422,558,418,379,74,223,311,199,227,121,199,247,219,152
926,회나무로13길,4972,2552,2420,593,926,1531,1180,724,289,509,631,667,446,304,417,900,513,278
927,한남대로20길,8040,4195,3845,2044,2534,1784,1082,570,744,1410,1039,638,347,1300,1124,745,444,223
928,한강대로88길,6640,3400,3240,1196,1479,1988,1372,538,496,782,897,814,377,700,697,1091,558,161
929,한강대로7길,22178,14586,7592,7619,7224,4586,1809,765,3593,4993,3891,1542,508,4026,2231,695,267,257
930,한강대로62길,11320,7804,3516,1119,2701,3434,2843,1205,528,1756,2602,2074,835,591,945,832,769,370
931,한강대로52길,33148,15409,17739,8109,11311,8284,3869,1419,2609,5056,4208,2510,969,5500,6255,4076,1359,450
932,한강대로43길,46231,23060,23171,13928,15679,10347,4148,1763,5239,8005,5823,2673,1173,8689,7674,4524,1475,590
933,한강대로15길,23870,15623,8247,7751,7577,4924,2288,1167,3645,5177,4094,1809,842,4106,2400,830,479,325
934,한강대로104길,54025,30252,23773,15429,17796,13177,5206,2044,5492,10895,9348,3075,1345,9937,6901,3829,2131,699
935,청파로73길,7644,4456,3188,1002,1638,1413,1727,1833,371,804,856,958,1451,631,834,557,769,382
936,청파로71길,10077,4734,5343,1495,2351,2140,2378,1682,468,1075,1115,963,1093,1027,1276,1025,1415,589
937,청파로47나길,8965,4855,4110,1539,2276,1991,1741,1384,536,1105,1184,945,1063,1003,1171,807,796,321
938,청파로47길,14567,7529,7038,5228,4041,2376,1556,667,2352,2257,1312,871,440,2876,1784,1064,685,227
939,장문로45길,1171,625,546,144,232,307,281,205,55,116,166,151,136,89,116,141,130,69
940,이태원로54길,10780,5518,5262,3019,3762,2274,1141,541,1141,1992,1406,676,283,1878,1770,868,465,258
941,이태원로27길,9790,5390,4400,2341,3086,2007,1462,848,1163,1666,1166,910,465,1178,1420,841,552,383
942,이촌로22길,9172,4945,4227,4630,2029,1330,628,398,1950,1221,1064,480,177,2680,808,266,148,221
943,원효로89길,26676,12967,13709,8518,8620,5543,2365,846,3717,4384,2748,1292,510,4801,4236,2795,1073,336
944,원효로53길,10081,6777,3304,1476,3196,2835,1465,1029,884,2300,1965,928,648,592,896,870,537,381
945,원효로41길,15765,9646,6119,5614,4276,3307,1554,808,2549,2850,2510,1136,509,3065,1426,797,418,299
946,원효로19길,16922,10437,6485,5695,4451,3446,1783,1349,2589,2971,2631,1290,868,3106,1480,815,493,481
947,우사단로4길,1300,746,554,214,311,329,252,193,97,182,181,156,130,117,129,148,96,63
948,우사단로14길,5927,3273,2654,1458,2177,1259,627,380,706,1219,786,356,196,752,958,473,271,184
949,우사단로10길,6345,2934,3411,1490,2044,1493,836,465,436,957,831,465,239,1054,1087,662,371,226
950,신흥로20길,5222,2507,2715,490,883,1783,1596,460,187,444,812,816,244,303,439,971,780,216
951,소월로20길,3753,1828,1925,342,630,1450,1022,300,158,309,610,576,172,184,321,840,446,128
952,서빙고로71길,3589,1918,1671,721,1093,972,570,224,245,521,590,390,172,476,572,382,180,52
953,백범로90길,21952,10470,11482,7268,6584,4148,2153,1043,3177,3327,1971,1103,579,4091,3257,2177,1050,464
954,백범로79길,13752,5689,8063,3429,4426,3154,1686,959,1294,1846,1222,774,520,2135,2580,1932,912,439
955,두텁바위로1길,12369,6375,5994,1748,2545,3403,3113,1478,761,1481,1794,1445,854,987,1064,1609,1668,624
956,대사관로34길,5556,2861,2695,1318,1504,1250,941,522,485,829,696,531,310,833,675,554,410,212
957,녹사평대로46길,4204,2064,2140,580,831,1428,1048,303,277,442,553,577,210,303,389,875,471,93
958,녹사평대로40나길,6792,3472,3320,1152,1479,1984,1615,537,595,760,815,969,324,557,719,1169,646,213
959,녹사평대로32길,5325,2986,2339,1288,1542,1048,919,500,703,855,544,583,288,585,687,504,336,212
960,녹사평대로26길,7264,4027,3237,1610,2014,1613,1348,645,767,1042,902,895,408,843,972,711,453,237
961,녹사평대로11길,2747,1471,1276,451,847,854,467,124,137,402,530,313,89,314,445,324,154,35
962,퇴계로90길,5017,2619,2398,836,1242,1136,1108,678,361,664,630,566,394,475,578,506,542,284
963,퇴계로8길,50117,29933,20184,7446,17873,16120,7026,1480,3142,10045,10344,5370,988,4304,7828,5776,1656,492
964,퇴계로56길,30673,15330,15343,6878,8290,7158,5853,2360,3518,5058,3927,1941,845,3360,3232,3231,3912,1515
965,퇴계로46길,13011,7574,5437,1857,3346,3560,2724,1474,707,1759,2198,1842,1044,1150,1587,1362,882,430
966,퇴계로18길,36728,15290,21438,6361,12640,10809,5454,1352,1904,5076,4316,3189,770,4457,7564,6493,2265,582
967,퇴계로12길,27804,13761,14043,4461,9678,8145,4306,1116,1497,4410,4018,3095,702,2964,5268,4127,1211,414
968,청구로1길,4470,2410,2060,1096,1320,986,693,362,431,816,596,358,203,665,504,390,335,159
969,청구로17길,13278,6709,6569,4024,3708,2549,1866,1057,1533,2038,1559,952,595,2491,1670,990,914,462
970,장충단로8길,8955,5290,3665,1837,2602,2132,1562,800,745,1535,1443,1027,536,1092,1067,689,535,264
971,삼일대로4길,75486,37420,38066,16309,23343,20094,10289,4593,6478,10754,10646,6268,2904,9831,12589,9448,4021,1689
972,명동길,159325,79755,79570,39434,52745,38177,20502,7687,14570,24756,22083,13428,4642,24864,27989,16094,7074,3045
973,동호로8길,7383,3315,4068,2086,1808,1382,1174,861,714,853,717,519,480,1372,955,665,655,381
974,동호로20길,13400,7311,6089,3637,3864,2826,1940,1070,1448,2253,1862,1091,631,2189,1611,964,849,439
975,동호로15길,12874,6144,6730,3822,3467,2553,1858,1093,1397,1655,1420,987,648,2425,1812,1133,871,445
976,동호로11길,8384,3931,4453,2517,2400,1727,1100,596,925,1131,929,584,342,1592,1269,798,516,254
977,동호로10길,9643,4691,4952,2514,2576,1962,1557,958,947,1392,1077,709,533,1567,1184,885,848,425
978,다산로39길,8877,4200,4677,1887,2713,2072,1404,772,691,1329,1041,698,429,1196,1384,1031,706,343
979,다산로38길,7667,3783,3884,1625,2293,1866,1228,627,572,1104,1020,677,400,1053,1189,846,551,227
980,다산로36길,2890,1388,1502,490,737,730,598,323,170,365,358,286,201,320,372,372,312,122
981,다산로33길,9534,4463,5071,1975,2754,2308,1631,830,697,1309,1168,811,467,1278,1445,1140,820,363
982,난계로21길,5013,2683,2330,866,986,961,1039,1109,375,564,569,528,604,491,422,392,511,505
983,난계로11길,4623,2344,2279,848,1186,1011,979,585,358,635,561,475,310,490,551,450,504,275
984,필운대로1길,6750,2908,3842,897,1110,1251,1789,1680,433,572,594,592,709,464,538,657,1197,971
985,평창길,1182,522,660,213,292,248,214,213,61,131,128,87,114,152,161,120,127,99
986,통일로12길,1565,613,952,277,356,343,339,248,57,112,141,148,154,220,244,202,191,94
987,창신길,1338,451,887,206,295,319,342,176,47,99,133,112,60,159,196,186,230,116
988,창신5길,2536,962,1574,307,548,750,568,357,87,190,255,236,192,220,358,495,332,165
989,창신2길,2332,1155,1177,298,524,602,541,362,101,284,317,253,197,197,240,285,288,165
990,창경궁로35길,2381,1231,1150,395,530,575,526,337,126,241,305,310,240,269,289,270,216,97
991,지봉로8길,3025,1269,1756,412,684,843,642,432,151,265,304,279,266,261,419,539,363,166
992,종로65길,5653,2860,2793,547,870,1149,1260,1815,210,458,570,563,1054,337,412,579,697,761
993,종로58가길,4398,1862,2536,707,1208,1164,790,516,269,482,423,379,304,438,726,741,411,212
994,종로24길,12506,7735,4771,1580,2557,3133,2975,2211,675,1562,1998,1871,1615,905,995,1135,1104,596
995,자하문로7길,11104,5822,5282,1946,2629,2223,2376,1906,1084,1620,1289,983,838,862,1009,934,1393,1068
996,이화장길,23221,10158,13063,5293,7719,5209,3655,1283,1482,2960,2683,2183,826,3811,4759,2526,1472,457
997,율곡로16길,23379,10648,12731,4963,7724,5513,3807,1323,1378,3027,2916,2396,911,3585,4697,2597,1411,412
998,율곡로10길,27532,20919,6613,4763,9468,6973,4757,1517,2332,7458,5804,4137,1172,2431,2010,1169,620,345
999,옥인길,1899,862,1037,374,571,448,340,164,135,286,198,158,85,239,285,250,182,79
1000,숭인동길,6847,3368,3479,860,1186,1330,1398,2039,283,589,680,621,1185,577,597,650,777,854
1001,성균관로5길,14045,4934,9111,3495,4890,2902,1963,780,846,1502,1116,956,506,2649,3388,1786,1007,274
1002,삼청로5길,5338,3444,1894,988,1637,1431,996,282,569,1048,996,673,154,419,589,435,323,128
1003,북촌로5나길,5645,3612,2033,1012,1805,1516,1032,277,587,1122,1039,700,161,425,683,477,332,116
1004,북촌로5길,7360,4379,2981,1670,2325,1800,1094,417,853,1442,1198,639,225,817,883,602,455,192
1005,북촌로11길,22845,18760,4085,3018,8643,6156,4179,805,1832,7182,5392,3737,598,1186,1461,764,442,207
1006,백석동길,1820,994,826,359,564,456,283,153,104,306,309,170,100,255,258,147,113,53
1007,명륜길,2196,1194,1002,303,557,549,506,276,91,242,312,324,222,212,315,237,182,54
1008,돈화문로11가길,44890,32318,12572,7794,14982,11414,7764,2764,3651,10986,9214,6404,1973,4143,3996,2200,1360,791
1009,난계로27길,13270,6153,7117,1514,2777,3573,3072,2258,645,1518,1549,1210,1180,869,1259,2024,1862,1078
1010,계동길,24345,19877,4468,2998,9065,6749,4579,916,1823,7439,5793,4086,717,1175,1626,956,493,199
