id,rdnm,all_total,men_total,women_total,total_20s,total_30s,total_40s,total_50s,total_60s,men_20s,men_30s,men_40s,men_50s,men_60s,women_20s,women_30s,women_40s,women_50s,women_60s
1,풍성로37가길,28320,13999,14321,4084,5078,4372,4783,6283,2016,2647,2263,2292,2931,2068,2431,2109,2491,3352
2,천호옛길,22242,10954,11288,3124,3817,3404,3722,5256,1526,1989,1782,1789,2411,1598,1828,1622,1933,2845
3,천호옛14길,16300,8141,8159,2509,2931,2383,2789,4041,1202,1596,1268,1372,1883,1307,1335,1115,1417,2158
4,천호대로219길,5262,2676,2586,806,675,749,1080,1184,459,350,368,542,559,347,325,381,538,625
5,천호대로197길,21885,10817,11068,3085,3294,3304,3824,4936,1600,1666,1589,1800,2317,1485,1628,1715,2024,2619
6,천호대로187길,21567,10771,10796,3149,3465,3271,3834,4717,1588,1817,1649,1840,2206,1561,1648,1622,1994,2511
7,천호대로170길,32460,15847,16613,5116,6464,4991,5290,6387,2381,3206,2553,2496,3009,2735,3258,2438,2794,3378
8,천호대로162길,28146,13826,14320,4183,5333,4218,4700,6399,1981,2742,2169,2267,2986,2202,2591,2049,2433,3413
9,천중로51길,26251,12738,13513,3860,4143,3931,4483,6067,1945,2124,1892,2067,2777,1915,2019,2039,2416,3290
10,천중로39길,27338,13506,13832,3819,4416,4120,4729,6602,1928,2323,2103,2209,3066,1891,2093,2017,2520,3536
11,진황도로47길,17719,8780,8939,2577,3084,2633,3078,4158,1277,1596,1358,1440,1960,1300,1488,1275,1638,2198
12,진황도로27길,33472,16550,16922,5222,6425,4920,5564,7554,2361,3217,2650,2779,3592,2861,3208,2270,2785,3962
13,올림픽로98길,27578,13811,13767,3882,4750,4256,4680,6419,1987,2546,2187,2301,2923,1895,2204,2069,2379,3496
14,올림픽로80길,17130,8691,8439,2289,2611,2601,3321,4580,1141,1385,1406,1782,2100,1148,1226,1195,1539,2480
15,올림픽로78길,14230,7133,7097,1981,2719,2156,2560,3470,911,1402,1162,1373,1597,1070,1317,994,1187,1873
16,올림픽로77길,15324,7742,7582,2164,3008,2269,2697,3573,1027,1582,1234,1399,1667,1137,1426,1035,1298,1906
17,올림픽로71길,12805,6438,6367,1868,2434,1913,2185,3175,879,1290,1018,1126,1496,989,1144,895,1059,1679
18,올림픽로48길,12523,6070,6453,1667,1978,2062,1955,2675,844,912,1009,933,1247,823,1066,1053,1022,1428
19,양재대로96길,19399,9546,9853,2800,3043,3075,3210,4033,1425,1542,1510,1534,1800,1375,1501,1565,1676,2233
20,양재대로95길,23663,11664,11999,3529,4057,3656,4009,4997,1803,2103,1811,1858,2250,1726,1954,1845,2151,2747
21,양재대로91길,21081,10489,10592,3117,3374,3392,3571,4338,1641,1725,1682,1696,1917,1476,1649,1710,1875,2421
22,양재대로133길,26417,12965,13452,3655,4114,4033,4547,6313,1867,2097,2074,2165,2873,1788,2017,1959,2382,3440
23,양재대로124길,25504,12481,13023,3609,4133,3928,4384,5842,1825,2129,1906,2059,2669,1784,2004,2022,2325,3173
24,양재대로116길,17769,8809,8960,2407,2839,2747,3060,4316,1195,1478,1375,1432,2029,1212,1361,1372,1628,2287
25,양재대로101길,26996,13215,13781,4431,5343,4048,4448,5325,2040,2668,2056,2124,2499,2391,2675,1992,2324,2826
26,암사길,37477,18650,18827,5020,5966,5932,6427,8333,2632,3093,3031,3190,3752,2388,2873,2901,3237,4581
27,성안로3길,15271,7485,7786,2085,2501,2533,2351,3200,1055,1230,1213,1116,1482,1030,1271,1320,1235,1718
28,성내로5길,21047,10271,10776,2879,3575,3386,3406,4620,1404,1770,1731,1641,2144,1475,1805,1655,1765,2476
29,상일로5길,6539,3305,3234,941,785,1009,1260,1375,526,410,489,646,640,415,375,520,614,735
30,상암로5길,22266,10964,11302,3078,3948,3587,3459,4686,1540,1978,1806,1647,2164,1538,1970,1781,1812,2522
31,상암로51길,22482,10974,11508,3083,3236,3495,3810,5151,1619,1621,1701,1765,2369,1464,1615,1794,2045,2782
32,상암로4길,22129,11025,11104,3000,4369,3487,3555,4466,1503,2223,1806,1738,2068,1497,2146,1681,1817,2398
33,상암로14길,21533,10838,10695,3084,3885,3324,3671,4809,1573,2040,1731,1824,2243,1511,1845,1593,1847,2566
34,명일로13길,23136,11442,11694,3263,3603,3578,3956,4999,1671,1841,1751,1867,2339,1592,1762,1827,2089,2660
35,동남로85길,13231,6793,6438,1472,1967,2421,2066,2229,826,939,1246,1044,1052,646,1028,1175,1022,1177
36,동남로82길,4617,2456,2161,637,505,695,937,1268,379,293,370,492,622,258,212,325,445,646
37,동남로65길,12517,6218,6299,1624,1305,2276,2144,2415,891,634,1033,1075,1134,733,671,1243,1069,1281
38,구천면로42길,31916,15901,16015,4399,5032,4850,5686,7635,2227,2666,2499,2767,3538,2172,2366,2351,2919,4097
39,구천면로41길,28177,14075,14102,3916,4625,4235,5060,6568,2007,2449,2178,2465,3042,1909,2176,2057,2595,3526
40,구천면로36길,26672,13585,13087,3636,4140,3971,4938,6797,1845,2249,2132,2543,3196,1791,1891,1839,2395,3601
41,고덕로61길,17436,8854,8582,1854,2814,3346,2527,2615,1022,1294,1690,1254,1237,832,1520,1656,1273,1378
42,고덕로25길,14026,7008,7018,1731,2240,2366,2251,2846,914,1147,1196,1121,1304,817,1093,1170,1130,1542
43,고덕로10길,24978,12369,12609,3405,4446,4000,3965,5445,1715,2277,2040,1902,2510,1690,2169,1960,2063,2935
44,강동대로53길,14233,7095,7138,2015,2153,2394,2347,2974,1065,1079,1144,1127,1336,950,1074,1250,1220,1638
45,풍성로25길,15289,7581,7708,2174,2495,2366,2565,3904,1034,1351,1236,1240,1779,1140,1144,1130,1325,2125
46,오금로46길,22898,11111,11787,3350,3350,3473,4011,4648,1683,1649,1628,1855,2199,1667,1701,1845,2156,2449
47,오금로36길,17333,8519,8814,2750,2875,2558,3092,3400,1380,1423,1222,1452,1659,1370,1452,1336,1640,1741
48,오금로11길,23040,11030,12010,3986,5448,3256,3391,4345,1838,2665,1660,1503,2023,2148,2783,1596,1888,2322
49,양재대로72길,18865,9138,9727,2768,2263,2979,3381,3959,1391,1021,1308,1636,1961,1377,1242,1671,1745,1998
50,양재대로71길,15238,7300,7938,2342,1974,2388,2761,3086,1159,904,1058,1308,1512,1183,1070,1330,1453,1574
51,양재대로64길,19327,9694,9633,3024,3368,3019,3410,3484,1533,1692,1487,1678,1711,1491,1676,1532,1732,1773
52,양재대로62길,15339,7581,7758,2245,2785,2289,2677,3073,1098,1391,1138,1301,1469,1147,1394,1151,1376,1604
53,송파대로30길,15978,7968,8010,2433,3048,2380,2804,3128,1202,1517,1191,1374,1542,1231,1531,1189,1430,1586
54,송이로36길,24668,11797,12871,4824,6729,3598,3170,3133,2093,3400,1766,1488,1462,2731,3329,1832,1682,1671
55,송이로32길,23730,11778,11952,3935,4296,3434,4133,4411,1982,2249,1696,1936,2096,1953,2047,1738,2197,2315
56,송이로23길,23102,11446,11656,3488,3916,4032,3705,3752,1734,1916,1974,1818,1769,1754,2000,2058,1887,1983
57,삼전로13길,36747,17621,19126,5543,7621,6500,5166,6117,2556,3595,3164,2497,2796,2987,4026,3336,2669,3321
58,백제고분로50길,23274,11362,11912,3727,4613,3615,3723,4258,1837,2301,1753,1718,1954,1890,2312,1862,2005,2304
59,백제고분로46길,25507,12201,13306,4203,4716,3763,4112,4932,1989,2295,1768,1884,2326,2214,2421,1995,2228,2606
60,백제고분로45길,23424,11155,12269,4106,5392,3340,3426,4351,1919,2647,1632,1538,2015,2187,2745,1708,1888,2336
61,백제고분로42길,17713,8530,9183,3089,3725,2569,2713,3312,1427,1818,1212,1339,1556,1662,1907,1357,1374,1756
62,백제고분로39길,16354,7731,8623,2821,3793,2493,2315,2916,1187,1814,1229,1094,1376,1634,1979,1264,1221,1540
63,백제고분로34길,24925,11994,12931,3875,5397,4013,3666,4680,1845,2661,2009,1698,2073,2030,2736,2004,1968,2607
64,백제고분로33길,23759,11253,12506,3949,5544,3731,3381,4160,1733,2662,1863,1563,1891,2216,2882,1868,1818,2269
65,백제고분로32길,25410,12191,13219,4024,5580,4163,3735,4464,1917,2730,2060,1716,1969,2107,2850,2103,2019,2495
66,백제고분로31길,28720,13594,15126,4531,6270,4737,4145,5074,2055,2979,2296,1920,2291,2476,3291,2441,2225,2783
67,백제고분로22길,24574,11851,12723,3993,5373,4052,3732,4121,1865,2653,1979,1770,1862,2128,2720,2073,1962,2259
68,백제고분로21길,24267,11586,12681,3762,4961,4341,3432,4074,1694,2358,2092,1657,1868,2068,2603,2249,1775,2206
69,마천로51길,18995,9746,9249,2244,2360,2921,3575,5394,1218,1276,1589,1906,2484,1026,1084,1332,1669,2910
70,동남로20길,18932,9237,9695,2668,2773,3144,3133,3586,1359,1335,1496,1469,1675,1309,1438,1648,1664,1911
71,거마로20길,16584,8441,8143,2035,2071,2637,3191,4414,1123,1122,1392,1640,2023,912,949,1245,1551,2391
72,학동로77길,14877,7028,7849,1904,2553,2984,1908,2466,903,1048,1382,941,1092,1001,1505,1602,967,1374
73,학동로6길,13690,6331,7359,2756,3617,2342,1598,2296,1230,1656,1134,772,1007,1526,1961,1208,826,1289
74,학동로56길,14342,6752,7590,1980,2568,2935,1872,2164,930,1072,1316,941,978,1050,1496,1619,931,1186
75,학동로38길,6812,3206,3606,1143,1641,1204,847,1186,517,734,611,392,537,626,907,593,455,649
76,테헤란로81길,3131,1554,1577,544,567,512,483,669,283,280,240,250,305,261,287,272,233,364
77,일원로9길,14006,6960,7046,2191,2113,2123,2285,3052,1173,1066,1028,1083,1375,1018,1047,1095,1202,1677
78,일원로3길,14488,7238,7250,2289,2238,2335,2354,2815,1219,1114,1103,1131,1308,1070,1124,1232,1223,1507
79,영동대로65길,15075,7795,7280,2238,1804,3209,2402,2183,1191,876,1433,1225,1007,1047,928,1776,1177,1176
80,영동대로112길,7775,3849,3926,1095,1238,1330,1219,1537,603,576,612,573,718,492,662,718,646,819
81,언주로81길,17425,8366,9059,2570,3635,3607,2093,2370,1147,1672,1743,1133,1078,1423,1963,1864,960,1292
82,압구정로2길,10275,4885,5390,1453,1533,2064,1478,1871,669,669,945,762,841,784,864,1119,716,1030
83,선릉로18길,3467,1692,1775,508,435,505,632,894,278,217,228,323,393,230,218,277,309,501
84,선릉로146길,9678,4468,5210,1425,1835,1867,1169,1644,609,739,874,573,726,816,1096,993,596,918
85,선릉로133길,8299,3861,4438,1200,1636,1495,1117,1683,533,704,719,542,749,667,932,776,575,934
86,선릉로132길,17662,8325,9337,2284,3014,3739,2208,2577,1044,1232,1714,1123,1127,1240,1782,2025,1085,1450
87,선릉로121길,10697,5044,5653,1635,2262,1941,1379,1841,779,967,903,678,839,856,1295,1038,701,1002
88,삼성로75길,16021,7710,8311,2768,3004,3172,2253,2153,1308,1371,1420,1154,974,1460,1633,1752,1099,1179
89,삼성로69길,22031,10792,11239,3607,3063,4664,3460,2875,1797,1441,1998,1740,1276,1810,1622,2666,1720,1599
90,삼성로64길,18017,9219,8798,2715,1685,3775,3299,2626,1467,806,1627,1701,1237,1248,879,2148,1598,1389
91,삼성로63길,20877,10353,10524,3151,2224,4681,3530,2540,1570,1030,1976,1826,1124,1581,1194,2705,1704,1416
92,삼성로57길,19967,10009,9958,2694,1882,4651,3328,2340,1374,829,2001,1789,1095,1320,1053,2650,1539,1245
93,삼성로147길,11080,5146,5934,1524,2005,2103,1456,2050,676,816,993,706,908,848,1189,1110,750,1142
94,삼성로115길,18779,8909,9870,2365,3527,3947,2300,2823,1132,1427,1844,1168,1236,1233,2100,2103,1132,1587
95,봉은사로68길,11219,5377,5842,1667,2319,2219,1470,1783,817,992,1074,766,768,850,1327,1145,704,1015
96,봉은사로57길,12025,5649,6376,1704,2229,2435,1542,1946,821,917,1105,770,871,883,1312,1330,772,1075
97,봉은사로43길,15267,7046,8221,2434,3505,2687,1996,2699,1099,1523,1268,960,1181,1335,1982,1419,1036,1518
98,봉은사로29길,12490,5845,6645,2220,3143,2118,1518,2112,1012,1420,1064,710,944,1208,1723,1054,808,1168
99,봉은사로109길,11638,5828,5810,1685,1717,1911,1937,2301,944,808,879,917,1087,741,909,1032,1020,1214
100,도산대로89길,8303,3813,4490,1115,1273,1482,1335,1733,515,556,675,605,786,600,717,807,730,947
101,도산대로81길,8072,3696,4376,1081,1141,1421,1263,1835,494,477,648,586,848,587,664,773,677,987
102,도산대로50길,7543,3537,4006,1111,1521,1319,1002,1622,479,669,648,497,713,632,852,671,505,909
103,도산대로38길,4495,2118,2377,759,1182,743,521,859,336,560,374,231,386,423,622,369,290,473
104,도산대로30길,4656,2168,2488,830,1238,788,537,861,356,582,392,236,389,474,656,396,301,472
105,도산대로23길,5605,2541,3064,953,1234,1026,644,1050,400,539,489,295,469,553,695,537,349,581
106,도산대로15길,6178,2775,3403,1073,1394,1121,724,1107,433,611,539,323,490,640,783,582,401,617
107,도곡로37길,24155,11542,12613,3450,4054,4948,3229,3697,1592,1835,2362,1642,1693,1858,2219,2586,1587,2004
108,논현로8길,9524,4733,4791,1389,1789,1666,1528,1544,708,916,793,740,701,681,873,873,788,843
109,논현로63길,17485,8377,9108,3003,3645,2928,2437,2995,1414,1711,1439,1174,1436,1589,1934,1489,1263,1559
110,논현로28길,9319,4380,4939,1431,1783,1371,1454,2065,677,821,656,655,955,754,962,715,799,1110
111,논현로26길,11062,5294,5768,1693,2139,1744,1716,2359,785,1011,857,818,1103,908,1128,887,898,1256
112,논현로159길,6402,2872,3530,983,1318,1157,803,1234,411,570,540,371,520,572,748,617,432,714
113,논현로139길,7159,3289,3870,1285,1736,1218,880,1389,554,787,581,409,636,731,949,637,471,753
114,논현로123길,12198,5645,6553,2525,3357,2073,1401,1953,1111,1549,1029,669,846,1414,1808,1044,732,1107
115,논현로115길,14907,6958,7949,3096,4180,2470,1711,2354,1366,1918,1258,833,1053,1730,2262,1212,878,1301
116,논현로10길,13467,6625,6842,2010,2496,2416,2202,2254,1013,1286,1160,1067,1024,997,1210,1256,1135,1230
117,논현로106길,8904,4185,4719,1668,2696,1444,1033,1288,728,1215,727,527,598,940,1481,717,506,690
118,남부순환로365길,18650,8834,9816,2569,2949,3326,2822,3430,1218,1360,1588,1356,1608,1351,1589,1738,1466,1822
119,개포로82길,7192,3464,3728,1062,696,1278,1364,1376,540,328,537,689,655,522,368,741,675,721
120,개포로28길,10500,5150,5350,1562,1741,1915,1805,1820,788,875,914,882,839,774,866,1001,923,981
121,개포로20길,12431,6207,6224,1919,2357,2211,2024,2075,969,1211,1102,994,985,950,1146,1109,1030,1090
122,개포로17길,12114,5901,6213,1856,2056,2094,2001,2476,900,1012,1022,976,1170,956,1044,1072,1025,1306
123,강남대로140길,5291,2393,2898,888,1287,830,731,1048,380,565,403,326,473,508,722,427,405,575
124,강남대로136길,10475,4844,5631,1830,2594,1795,1425,1953,812,1189,865,681,855,1018,1405,930,744,1098
125,강남대로118길,14223,6624,7599,3023,3933,2337,1623,2269,1352,1797,1174,785,998,1671,2136,1163,838,1271
126,서초중앙로8길,15333,7459,7874,2069,2810,2770,2060,2945,999,1307,1339,998,1391,1070,1503,1431,1062,1554
127,방배중앙로21길,16232,7508,8724,2234,2286,3042,2488,3139,1028,1038,1397,1235,1414,1206,1248,1645,1253,1725
128,효령로72길,8984,4360,4624,1229,1686,1712,1156,1572,578,765,839,565,740,651,921,873,591,832
129,효령로34길,8446,4151,4295,1124,1202,1250,1418,2172,610,560,576,667,1053,514,642,674,751,1119
130,효령로31길,15728,7361,8367,2433,3108,2646,2158,2990,1113,1437,1225,975,1346,1320,1671,1421,1183,1644
131,효령로23길,16986,8076,8910,2646,3034,2749,2522,3532,1269,1446,1281,1146,1594,1377,1588,1468,1376,1938
132,청두곶길,16633,7867,8766,2495,2704,2673,2520,3627,1177,1307,1289,1150,1634,1318,1397,1384,1370,1993
133,주흥길,18656,8957,9699,3231,4114,3479,2294,3014,1465,1895,1833,1175,1308,1766,2219,1646,1119,1706
134,주흥15길,17211,8254,8957,2978,3726,3059,2160,2931,1358,1719,1573,1086,1306,1620,2007,1486,1074,1625
135,언남길,10147,5217,4930,1556,2257,1778,1484,1721,804,1203,957,748,818,752,1054,821,736,903
136,신반포로45길,17235,8212,9023,2509,3333,3083,2514,3131,1179,1553,1470,1253,1393,1330,1780,1613,1261,1738
137,서초대로8길,19352,9052,10300,2959,3305,3147,2844,4041,1370,1524,1453,1322,1815,1589,1781,1694,1522,2226
138,서초대로64길,16555,8020,8535,2096,2563,3055,2414,3082,1064,1132,1465,1198,1433,1032,1431,1590,1216,1649
139,서초대로4길,17339,8029,9310,2618,2801,2841,2640,3642,1136,1297,1326,1247,1647,1482,1504,1515,1393,1995
140,서초대로25길,15257,7227,8030,2168,2510,2600,2241,3194,1024,1133,1233,1057,1462,1144,1377,1367,1184,1732
141,서초대로23길,13709,6416,7293,1880,2300,2505,1953,2680,874,1020,1191,942,1199,1006,1280,1314,1011,1481
142,서초대로15길,15468,7157,8311,2081,2548,2867,2194,2961,950,1156,1323,1076,1326,1131,1392,1544,1118,1635
143,사평대로57길,11880,5785,6095,2660,3202,1950,1429,1948,1174,1544,1085,759,871,1486,1658,865,670,1077
144,사평대로26길,8949,4165,4784,1081,1225,1713,1301,1674,508,510,780,622,750,573,715,933,679,924
145,사평대로22길,10438,4850,5588,1254,1392,1991,1501,2101,596,587,880,719,954,658,805,1111,782,1147
146,사임당로17길,10413,5020,5393,1530,1784,1791,1519,1974,757,816,868,744,910,773,968,923,775,1064
147,방배로42길,13707,6420,7287,1653,1770,2608,2078,2727,793,730,1195,1034,1239,860,1040,1413,1044,1488
148,방배로35길,16613,7762,8851,2117,2402,3149,2504,3166,1013,1076,1463,1238,1408,1104,1326,1686,1266,1758
149,방배로18길,13424,6326,7098,1931,2550,2183,1834,2885,905,1163,1024,844,1315,1026,1387,1159,990,1570
150,반포대로9길,10700,5305,5395,1583,1475,1856,1731,1925,835,713,814,848,896,748,762,1042,883,1029
151,바우뫼로39길,10048,4833,5215,1628,2296,1519,1441,2056,771,1157,741,662,919,857,1139,778,779,1137
152,마방로2길,6816,3414,3402,1060,1476,1128,998,1309,547,763,589,480,612,513,713,539,518,697
153,방배천로4안길,14012,6500,7512,2365,2492,2111,2060,3012,1059,1165,999,940,1359,1306,1327,1112,1120,1653
154,동산로19길,14397,7234,7163,2239,3057,2523,2206,2298,1124,1609,1279,1101,1057,1115,1448,1244,1105,1241
155,동산로10길,13070,6524,6546,1934,2775,2238,1879,2235,990,1442,1134,911,1006,944,1333,1104,968,1229
156,동광로39길,10488,4829,5659,1312,1611,1920,1464,2092,591,703,849,680,930,721,908,1071,784,1162
157,동광로1길,17884,8344,9540,2344,2356,3442,2846,3291,1121,1060,1543,1428,1483,1223,1296,1899,1418,1808
158,동광로12길,19683,8921,10762,2700,2998,3741,2916,3538,1181,1321,1690,1460,1605,1519,1677,2051,1456,1933
159,논현로27길,8794,4291,4503,1435,1904,1367,1282,1835,695,935,687,613,853,740,969,680,669,982
160,논현로1길,14588,7224,7364,2101,2996,2551,2190,2384,1072,1542,1257,1068,1060,1029,1454,1294,1122,1324
161,남부순환로339길,8960,4359,4601,1126,1489,1603,1275,1854,562,688,749,608,877,564,801,854,667,977
162,남부순환로325길,9634,4647,4987,1481,1555,1546,1554,2164,698,698,700,751,1069,783,857,846,803,1095
163,남부순환로317길,11085,5428,5657,1762,1575,1826,1825,2213,880,747,831,898,1031,882,828,995,927,1182
164,고무래로8길,16412,8000,8412,1784,2218,3413,2186,2714,904,961,1596,1118,1285,880,1257,1817,1068,1429
165,강남대로8길,9879,4940,4939,1482,2120,1612,1482,1776,750,1104,827,717,819,732,1016,785,765,957
166,강남대로34길,9505,4542,4963,1562,2118,1396,1374,1918,704,1083,666,645,855,858,1035,730,729,1063
167,강남대로23길,4776,2254,2522,687,933,774,664,1030,329,439,377,300,460,358,494,397,364,570
168,소담길,18251,9237,9014,4054,3299,2514,2487,3944,1965,1878,1368,1217,1806,2089,1421,1146,1270,2138
169,원신길,12620,6492,6128,1811,1644,1936,2174,3594,988,973,1079,1108,1588,823,671,857,1066,2006
170,양지길,11903,6256,5647,1974,1736,1831,1937,3296,1078,1087,1056,1028,1419,896,649,775,909,1877
171,양산길,15184,7752,7432,2550,2568,2222,2456,3771,1335,1462,1224,1201,1715,1215,1106,998,1255,2056
172,호암로24길,19523,11620,7903,5450,4020,2850,2324,3671,3266,2725,1955,1396,1643,2184,1295,895,928,2028
173,호암로20길,19326,11376,7950,4622,3626,3033,2642,3946,2771,2434,2057,1580,1788,1851,1192,976,1062,2158
174,행운길,24803,12099,12704,6763,5628,3132,2774,4220,3054,2933,1641,1381,1924,3709,2695,1491,1393,2296
175,행운1길,18859,9302,9557,5374,3902,2293,2139,3567,2418,2106,1260,1074,1642,2956,1796,1033,1065,1925
176,청림3길,33889,16512,17377,4249,5625,5415,5108,7842,2196,2802,2752,2399,3464,2053,2823,2663,2709,4378
177,청룡길,23569,11337,12232,7926,4923,2629,2455,4010,3376,2587,1449,1236,1861,4550,2336,1180,1219,2149
178,청룡8길,14944,7371,7573,3599,2755,1961,1858,3311,1597,1503,1080,924,1507,2002,1252,881,934,1804
179,중앙길,29516,14360,15156,6417,5408,4017,4021,6217,2919,2836,2106,1952,2744,3498,2572,1911,2069,3473
180,조원중앙로2길,22642,11317,11325,4300,4022,3234,3529,4936,1999,2190,1685,1771,2345,2301,1832,1549,1758,2591
181,조원로18길,16156,8008,8148,3602,3153,2258,2209,3186,1639,1689,1218,1088,1488,1963,1464,1040,1121,1698
182,조원로10길,19878,10356,9522,4601,4804,2658,2713,3524,2105,2797,1494,1457,1697,2496,2007,1164,1256,1827
183,장군봉2길,12733,6362,6371,2898,2605,1644,1543,2787,1397,1424,917,737,1242,1501,1181,727,806,1545
184,장군봉1길,16378,7998,8380,3925,3177,2046,2013,3691,1723,1701,1130,982,1678,2202,1476,916,1031,2013
185,인헌길,21831,10661,11170,4149,4190,3238,3133,4398,2021,2185,1615,1505,1945,2128,2005,1623,1628,2453
186,은천로25길,24788,12075,12713,3207,3826,4533,3450,5082,1594,1866,2295,1717,2186,1613,1960,2238,1733,2896
187,양녕로6길,23106,11116,11990,5988,4615,2806,2963,4690,2592,2390,1501,1458,2120,3396,2225,1305,1505,2570
188,신원로3길,21890,10951,10939,5713,4367,2821,2731,4469,2815,2445,1527,1288,1970,2898,1922,1294,1443,2499
189,신사로20길,14298,7135,7163,3080,2635,2118,2067,2875,1452,1478,1086,1028,1297,1628,1157,1032,1039,1578
190,신림로65길,18365,9274,9091,6318,4496,2131,1793,2642,2889,2496,1226,892,1241,3429,2000,905,901,1401
191,신림로64길,18343,9311,9032,5352,4362,2276,2015,3130,2520,2443,1286,984,1438,2832,1919,990,1031,1692
192,신림로48길,17901,9188,8713,4318,3580,2376,2390,3630,2261,2057,1293,1106,1650,2057,1523,1083,1284,1980
193,신림로38길,18005,9621,8384,3860,3436,2473,2642,3791,2104,2082,1413,1330,1740,1756,1354,1060,1312,2051
194,신림로28길,21882,12254,9628,5475,4440,3053,2845,4262,3133,2804,1892,1540,1938,2342,1636,1161,1305,2324
195,신림로11길,18914,11404,7510,5489,3840,2729,2305,3014,3370,2575,1843,1370,1438,2119,1265,886,935,1576
196,신림동길,25008,12597,12411,8100,6115,2996,2517,3644,3764,3387,1672,1245,1677,4336,2728,1324,1272,1967
197,승방길,13165,6162,7003,2749,2722,1638,1919,2745,1182,1370,784,835,1299,1567,1352,854,1084,1446
198,서림7길,17362,10244,7118,5119,3711,2376,1977,2791,3098,2471,1547,1109,1267,2021,1240,829,868,1524
199,봉천로33길,25762,12561,13201,4826,4775,3515,3510,5940,2181,2441,1905,1662,2689,2645,2334,1610,1848,3251
200,봉천로13길,25863,12879,12984,4913,4989,3747,3732,5344,2435,2699,1923,1763,2436,2478,2290,1824,1969,2908
201,복은길,21996,12293,9703,5413,4423,2987,2913,4257,3126,2801,1813,1521,1975,2287,1622,1174,1392,2282
202,법원단지길,18848,9321,9527,2749,2642,2944,3383,4459,1395,1406,1495,1641,2032,1354,1236,1449,1742,2427
203,법원단지9길,19761,9848,9913,2964,2759,3061,3578,4578,1515,1466,1565,1689,2141,1449,1293,1496,1889,2437
204,미성5길,19780,9755,10025,2851,2825,3136,3447,4730,1433,1502,1598,1647,2160,1418,1323,1538,1800,2570
205,대학길,17601,10842,6759,5087,3665,2679,2168,2771,3123,2493,1901,1355,1342,1964,1172,778,813,1429
206,대학14길,15749,9587,6162,3858,3035,2566,2226,2727,2411,2029,1770,1356,1332,1447,1006,796,870,1395
207,당곡길,21414,10586,10828,4414,4194,3094,2805,4416,2121,2201,1607,1362,2002,2293,1993,1487,1443,2414
208,남현길,16171,7741,8430,3172,3359,2152,2329,3391,1424,1748,1079,1031,1581,1748,1611,1073,1298,1810
209,남현3길,14478,6851,7627,3408,3321,1753,1886,2875,1412,1720,893,849,1362,1996,1601,860,1037,1513
210,남현2길,22945,10991,11954,4724,4787,3045,3291,4794,2131,2501,1506,1466,2207,2593,2286,1539,1825,2587
211,남부순환로248길,18856,9091,9765,4501,4155,2501,2354,3590,2054,2177,1244,1138,1584,2447,1978,1257,1216,2006
212,남부순환로234길,12958,6430,6528,3979,2753,1573,1318,2241,1838,1506,832,667,1050,2141,1247,741,651,1191
213,남부순환로172길,20260,10096,10164,5237,3884,2625,2813,3934,2508,2176,1353,1370,1788,2729,1708,1272,1443,2146
214,남부순환로161길,22343,11244,11099,5018,4054,3200,3377,4343,2441,2276,1636,1647,1993,2577,1778,1564,1730,2350
215,남부순환로151길,20133,9961,10172,4836,3926,2801,2841,3814,2195,2149,1471,1404,1757,2641,1777,1330,1437,2057
216,남부순환로142길,19302,9527,9775,3550,3293,2833,2886,4256,1664,1745,1463,1400,1995,1886,1548,1370,1486,2261
217,난향길,12031,6028,6003,1332,1535,2298,1904,2903,710,783,1209,960,1305,622,752,1089,944,1598
218,난우길,20596,10137,10459,2941,2936,3312,3530,4889,1463,1556,1675,1715,2221,1478,1380,1637,1815,2668
219,난곡로74길,15136,7484,7652,3586,2986,2105,2065,3061,1632,1621,1083,1050,1401,1954,1365,1022,1015,1660
220,난곡로34길,20018,10014,10004,2933,2804,3104,3581,4785,1528,1520,1608,1725,2175,1405,1284,1496,1856,2610
221,난곡로26길,18423,9337,9086,2636,2562,2857,3344,4492,1399,1405,1498,1679,2057,1237,1157,1359,1665,2435
222,난곡로24길,15033,7644,7389,2097,1996,2340,2738,3909,1121,1105,1258,1410,1759,976,891,1082,1328,2150
223,낙성대역길,21182,10282,10900,6009,4763,2676,2268,3539,2752,2498,1387,1114,1571,3257,2265,1289,1154,1968
224,국회단지길,27329,13477,13852,3892,4504,4534,4064,5937,1977,2287,2374,1914,2649,1915,2217,2160,2150,3288
225,구암길,27453,13426,14027,2948,3919,5212,4109,5786,1536,1896,2627,1979,2534,1412,2023,2585,2130,3252
226,관천로22길,23692,11834,11858,6246,5205,3215,2588,4159,2974,2831,1733,1249,1910,3272,2374,1482,1339,2249
227,관천로15길,24434,12272,12162,5943,4900,3424,3170,4543,2874,2730,1793,1530,2065,3069,2170,1631,1640,2478
228,관악로30길,25078,12177,12901,3613,4207,3922,3785,5711,1775,2119,2035,1841,2461,1838,2088,1887,1944,3250
229,관악로28길,20934,10252,10682,3456,3618,3115,3101,4800,1662,1868,1639,1506,2122,1794,1750,1476,1595,2678
230,관악로14길,19044,9213,9831,6384,3958,2203,1905,3012,2814,2097,1161,965,1402,3570,1861,1042,940,1610
231,관악로10길,15965,7728,8237,5054,3221,1950,1669,2504,2275,1731,1024,817,1142,2779,1490,926,852,1362
232,흑석로9길,7514,3777,3737,1734,1184,1019,997,1671,979,647,518,478,712,755,537,501,519,959
233,흑석로13길,7638,3831,3807,1688,1171,1015,1095,1795,919,634,534,534,771,769,537,481,561,1024
234,장승배기로27길,13726,6968,6758,2629,2126,1786,2379,3678,1351,1253,982,1188,1620,1278,873,804,1191,2058
235,장승배기로19길,18950,9403,9547,3248,2853,2537,3420,5065,1624,1580,1346,1693,2240,1624,1273,1191,1727,2825
236,장승배기로10길,22474,10898,11576,3360,3775,3564,3368,5052,1639,1875,1801,1637,2240,1721,1900,1763,1731,2812
237,여의대방로46길,18230,8759,9471,2647,2451,3483,2657,3525,1297,1247,1729,1342,1452,1350,1204,1754,1315,2073
238,여의대방로24길,17337,8262,9075,3456,3279,2671,2433,3309,1496,1571,1312,1220,1509,1960,1708,1359,1213,1800
239,여의대방로22카길,21384,10251,11133,4080,4011,3211,3042,4326,1836,1952,1557,1479,1991,2244,2059,1654,1563,2335
240,여의대방로22나길,12635,6115,6520,2294,2323,1982,1897,2490,1085,1152,957,922,1122,1209,1171,1025,975,1368
241,여의대방로22길,15143,7225,7918,3001,2951,2324,2119,2865,1310,1419,1136,1053,1310,1691,1532,1188,1066,1555
242,양녕로26길,15615,7734,7881,2198,2798,2544,2366,3248,1124,1447,1296,1113,1452,1074,1351,1248,1253,1796
243,신대방길,19205,9403,9802,3131,3110,2935,3048,4461,1522,1577,1445,1520,2036,1609,1533,1490,1528,2425
244,성대로29길,23995,11706,12289,3844,4301,3594,3660,5626,1902,2231,1831,1748,2461,1942,2070,1763,1912,3165
245,성대로1길,19447,9413,10034,3443,3469,2809,2957,4605,1639,1835,1432,1403,2006,1804,1634,1377,1554,2599
246,서달로8가길,7908,3842,4066,1294,1097,1163,1263,2084,670,564,619,632,841,624,533,544,631,1243
247,서달로15길,4893,2383,2510,927,611,679,784,1303,498,315,357,389,528,429,296,322,395,775
248,서달로14길,10256,4901,5355,1450,1397,1503,1720,2858,736,698,776,838,1186,714,699,727,882,1672
249,서달로10길,12309,6020,6289,1739,1895,1963,1957,2820,907,920,1023,962,1191,832,975,940,995,1629
250,상도로62길,24659,12057,12602,4687,3977,3946,3375,4628,2399,1918,2002,1578,2109,2288,2059,1944,1797,2519
251,상도로61길,16231,7957,8274,3177,2823,2296,2156,3478,1661,1433,1153,978,1549,1516,1390,1143,1178,1929
252,상도로47길,18284,8895,9389,4510,2839,2407,2407,3775,2373,1436,1185,1092,1629,2137,1403,1222,1315,2146
253,상도로37길,18777,9145,9632,4125,2910,2523,2637,4163,2165,1446,1256,1195,1853,1960,1464,1267,1442,2310
254,상도로15길,24541,11863,12678,4352,4067,3478,3978,5892,2100,2116,1743,1933,2571,2252,1951,1735,2045,3321
255,사당로8길,22240,10705,11535,4521,4385,3089,3027,4659,2024,2272,1551,1434,2062,2497,2113,1538,1593,2597
256,사당로30길,13004,6146,6858,2624,2688,1770,1779,2777,1173,1289,889,821,1258,1451,1399,881,958,1519
257,사당로2차길,13613,6581,7032,2133,2364,2147,2035,2938,999,1186,1081,938,1350,1134,1178,1066,1097,1588
258,사당로29길,16002,7710,8292,2533,3042,2334,2393,3836,1182,1492,1231,1132,1748,1351,1550,1103,1261,2088
259,사당로26길,18153,8717,9436,3861,3911,2340,2503,3961,1748,1983,1220,1145,1812,2113,1928,1120,1358,2149
260,사당로23나길,17240,8285,8955,2382,3178,2614,2515,3942,1166,1531,1324,1169,1766,1216,1647,1290,1346,2176
261,사당로23길,21794,10548,11246,2822,3702,3360,3204,5241,1359,1788,1686,1488,2408,1463,1914,1674,1716,2833
262,사당로20길,21647,10408,11239,4227,4416,2946,3115,4755,1961,2316,1515,1415,2119,2266,2100,1431,1700,2636
263,사당로16길,25937,12526,13411,4388,4886,3759,3953,5863,2093,2525,1930,1829,2570,2295,2361,1829,2124,3293
264,사당로16가길,19474,9296,10178,3327,3576,2904,2811,4491,1491,1836,1477,1326,1964,1836,1740,1427,1485,2527
265,만양로8길,24396,12080,12316,4088,3931,3542,3569,5582,2207,2093,1768,1674,2439,1881,1838,1774,1895,3143
266,만양로14길,12817,6516,6301,2491,2304,1813,1754,2614,1391,1285,952,808,1137,1100,1019,861,946,1477
267,등용로14길,14855,7269,7586,2435,2044,2139,2528,3926,1275,1149,1122,1218,1640,1160,895,1017,1310,2286
268,동작대로7길,20251,9676,10575,4548,4477,2497,2696,4262,2009,2312,1273,1196,1952,2539,2165,1224,1500,2310
269,동작대로35길,20432,9765,10667,2835,3220,3351,3276,4667,1361,1592,1611,1548,2115,1474,1628,1740,1728,2552
270,동작대로33길,22484,10722,11762,3092,3699,3579,3516,5286,1471,1839,1733,1661,2403,1621,1860,1846,1855,2883
271,동작대로29길,18630,8906,9724,2665,3598,2778,2726,4465,1274,1790,1386,1233,1988,1391,1808,1392,1493,2477
272,동작대로17길,17466,8223,9243,3276,3527,2531,2540,3708,1469,1714,1267,1199,1655,1807,1813,1264,1341,2053
273,대방동2길,16853,8018,8835,3194,2922,2740,2424,3275,1388,1397,1336,1200,1488,1806,1525,1404,1224,1787
274,대방동27길,17654,8506,9148,3288,2810,3040,2499,3099,1511,1328,1473,1253,1384,1777,1482,1567,1246,1715
275,노량진로6길,16430,8317,8113,2870,2438,2201,3000,4301,1521,1405,1180,1487,1910,1349,1033,1021,1513,2391
276,국사봉길,27211,13128,14083,4500,4958,4079,4192,5850,2120,2520,2035,1980,2618,2380,2438,2044,2212,3232
277,국사봉2길,19527,9295,10232,3824,3747,2912,2798,3944,1641,1843,1433,1363,1812,2183,1904,1479,1435,2132
278,국사봉1길,24162,11468,12694,4517,4499,3636,3450,5136,1955,2235,1839,1665,2284,2562,2264,1797,1785,2852
279,영신로9길,17220,9080,8140,2192,2488,2714,3150,4412,1154,1333,1472,1728,2175,1038,1155,1242,1422,2237
280,영등포로84길,17811,9002,8809,2986,2905,3028,2704,3685,1485,1593,1588,1412,1633,1501,1312,1440,1292,2052
281,영등포로80길,15934,8095,7839,2855,2771,2363,2396,3780,1429,1539,1253,1227,1714,1426,1232,1110,1169,2066
282,영등포로62길,12634,6447,6187,2537,2505,1748,1775,2787,1255,1392,951,882,1310,1282,1113,797,893,1477
283,영등포로35길,12681,6810,5871,1945,2225,1880,2035,3184,942,1260,1075,1197,1621,1003,965,805,838,1563
284,영등포로27길,16551,8395,8156,2550,3128,2518,2503,3783,1249,1665,1342,1310,1796,1301,1463,1176,1193,1987
285,영등포로25길,15705,7753,7952,2467,3110,2345,2406,3438,1176,1603,1218,1195,1593,1291,1507,1127,1211,1845
286,여의대방로61길,9447,4794,4653,1824,2025,1447,1230,1815,892,1127,769,637,821,932,898,678,593,994
287,여의대방로43나길,23272,11501,11771,3268,3242,4130,3698,4572,1636,1606,2008,1881,2061,1632,1636,2122,1817,2511
288,여의대방로39길,6581,3285,3296,1159,1042,1080,982,1274,560,523,548,494,586,599,519,532,488,688
289,여의대방로35길,13098,6486,6612,2239,2304,2167,1979,2417,1078,1139,1090,978,1141,1161,1165,1077,1001,1276
290,양평로28길,9114,4562,4552,1469,2272,1357,1207,1384,679,1206,695,589,653,790,1066,662,618,731
291,양평로22라길,9421,4683,4738,1673,2394,1394,1161,1489,732,1281,707,584,687,941,1113,687,577,802
292,양평로19길,14671,7266,7405,2646,3169,2295,1951,2415,1157,1676,1172,1015,1117,1489,1493,1123,936,1298
293,신길로60길,14780,7586,7194,1973,2098,2194,2599,4288,1043,1176,1149,1363,2021,930,922,1045,1236,2267
294,신길로42길,13689,6844,6845,1911,1638,2186,2525,3634,961,901,1114,1282,1634,950,737,1072,1243,2000
295,신길로42가길,19822,9947,9875,2579,2551,3127,3530,5281,1368,1401,1555,1795,2365,1211,1150,1572,1735,2916
296,신길로39길,15845,7963,7882,2039,2097,2546,2904,4156,1079,1124,1327,1487,1851,960,973,1219,1417,2305
297,신길로17길,14728,7251,7477,1934,1932,2209,2660,4249,1026,1044,1090,1302,1874,908,888,1119,1358,2375
298,선유서로28길,11147,5594,5553,1708,2432,1682,1510,2468,806,1311,933,769,1074,902,1121,749,741,1394
299,선유서로25길,13829,6891,6938,2071,3491,2188,1675,2495,946,1838,1182,857,1071,1125,1653,1006,818,1424
300,선유서로24길,12398,6169,6229,1930,2870,1883,1596,2494,884,1504,1052,808,1088,1046,1366,831,788,1406
301,선유로55길,9218,4591,4627,1940,2262,1305,1137,1532,807,1224,685,617,704,1133,1038,620,520,828
302,디지털로74길,16891,8417,8474,2444,2375,2512,2969,4312,1245,1267,1233,1482,1957,1199,1108,1279,1487,2355
303,디지털로57길,13994,6900,7094,1776,1628,2198,2583,4353,941,911,1107,1287,1932,835,717,1091,1296,2421
304,디지털로37길,16367,7980,8387,2137,2515,2619,2801,4372,1079,1274,1318,1383,1957,1058,1241,1301,1418,2415
305,도신로62길,15702,7923,7779,2365,2441,2388,2528,3938,1211,1351,1240,1297,1765,1154,1090,1148,1231,2173
306,도신로60길,13915,6952,6963,1875,1987,2190,2295,3501,983,1065,1083,1146,1578,892,922,1107,1149,1923
307,도신로29길,20678,10444,10234,2701,2943,3348,3666,4883,1416,1528,1718,1879,2226,1285,1415,1630,1787,2657
308,도신로15길,21162,10581,10581,3062,3951,3135,3500,4852,1514,2045,1646,1720,2250,1548,1906,1489,1780,2602
309,도림천로21길,15993,7906,8087,2329,2799,2463,2700,3852,1154,1455,1259,1342,1774,1175,1344,1204,1358,2078
310,도림로63길,14971,7531,7440,2004,1811,2355,2860,4078,1085,1013,1171,1422,1857,919,798,1184,1438,2221
311,도림로147길,13160,6499,6661,1330,2754,2308,1547,2466,641,1300,1211,773,1140,689,1454,1097,774,1326
312,도림로112길,22080,11144,10936,2996,3250,3581,3918,4925,1531,1658,1859,2004,2260,1465,1592,1722,1914,2665
313,대림로8길,20004,9871,10133,2775,2712,3110,3491,5206,1400,1412,1546,1705,2370,1375,1300,1564,1786,2836
314,대림로7길,11839,5827,6012,1667,1671,1771,2077,3249,840,878,883,1010,1479,827,793,888,1067,1770
315,대림로44길,17721,8934,8787,2441,2745,2719,3299,3951,1253,1417,1375,1648,1878,1188,1328,1344,1651,2073
316,대림로34길,14127,7225,6902,1877,1784,2305,2767,3557,1003,990,1192,1414,1650,874,794,1113,1353,1907
317,대림로31길,14454,7170,7284,2479,2418,2272,2466,3192,1086,1306,1181,1276,1447,1393,1112,1091,1190,1745
318,대림로29길,16176,8043,8133,2023,2278,2579,2974,4435,1006,1229,1315,1476,1994,1017,1049,1264,1498,2441
319,대림로22길,17003,8547,8456,2420,2097,2567,3191,4692,1267,1180,1285,1580,2112,1153,917,1282,1611,2580
320,당산로46길,13468,6191,7277,3163,3075,1626,1687,2492,1230,1467,814,794,1170,1933,1608,812,893,1322
321,당산로38길,18023,8592,9431,2876,3807,2658,2511,3307,1300,1880,1315,1177,1502,1576,1927,1343,1334,1805
322,당산로37길,18023,8542,9481,3162,3687,2624,2525,3226,1412,1793,1299,1217,1432,1750,1894,1325,1308,1794
323,당산로31길,10711,5352,5359,1803,2235,1487,1599,2202,873,1164,774,793,1023,930,1071,713,806,1179
324,국회대로56길,13197,7377,5820,2876,3375,1693,1835,2369,1327,1996,1065,1185,1267,1549,1379,628,650,1102
325,경인로90길,7329,3903,3426,856,1293,1235,1184,1613,404,656,665,684,894,452,637,570,500,719
326,경인로80길,7389,3723,3666,965,1611,1199,1086,1544,480,822,669,544,701,485,789,530,542,843
327,경인로77길,8223,4077,4146,908,1612,1306,1089,1877,446,780,697,540,880,462,832,609,549,997
328,가마산로61길,14498,7307,7191,1911,1948,2274,2665,3789,1018,1032,1191,1360,1708,893,916,1083,1305,2081
329,시흥대로94길,21968,11210,10758,3226,3265,3267,4456,4972,1692,1773,1666,2288,2345,1534,1492,1601,2168,2627
330,시흥대로84길,25023,12625,12398,3532,3474,3736,4942,6091,1871,1894,1875,2450,2851,1661,1580,1861,2492,3240
331,시흥대로68길,28061,14024,14037,3893,4366,4149,5357,6273,2012,2278,2119,2646,2906,1881,2088,2030,2711,3367
332,시흥대로63길,12512,6234,6278,1785,2241,1855,2269,2457,879,1143,970,1129,1148,906,1098,885,1140,1309
333,시흥대로62가길,20422,10209,10213,2762,2655,3081,4050,5443,1455,1420,1591,2024,2473,1307,1235,1490,2026,2970
334,시흥대로36길,8938,4443,4495,1190,1242,1330,1643,2239,608,673,681,819,1019,582,569,649,824,1220
335,시흥대로22길,9054,4560,4494,1197,1277,1341,1645,2376,626,700,706,811,1103,571,577,635,834,1273
336,시흥대로153길,16893,9235,7658,3595,3573,2207,2740,3230,1892,2108,1317,1503,1636,1703,1465,890,1237,1594
337,시흥대로150길,21007,10785,10222,3604,3679,2962,3897,4753,1810,2093,1560,1994,2237,1794,1586,1402,1903,2516
338,시흥대로141길,17909,9629,8280,3907,3918,2327,2735,3388,2001,2314,1339,1444,1695,1906,1604,988,1291,1693
339,시흥대로138길,11216,5851,5365,1837,1845,1656,2191,2593,957,1066,868,1186,1238,880,779,788,1005,1355
340,시흥대로120길,16559,8425,8134,2261,2192,2576,3584,4112,1178,1216,1284,1920,1912,1083,976,1292,1664,2200
341,벚꽃로56길,5990,3280,2710,795,709,882,1283,1873,426,415,529,771,904,369,294,353,512,969
342,범안로17길,8859,4876,3983,1918,2129,1253,1212,1475,985,1320,748,658,735,933,809,505,554,740
343,범안로11길,11340,6244,5096,2445,2746,1652,1518,1821,1268,1677,988,800,923,1177,1069,664,718,898
344,문성로5길,21307,10833,10474,3307,3281,3169,4059,5006,1660,1822,1618,2064,2379,1647,1459,1551,1995,2627
345,독산로85길,14225,7201,7024,1933,1814,2129,3056,3665,1024,1009,1071,1576,1703,909,805,1058,1480,1962
346,독산로78다길,19844,9992,9852,2826,2439,3115,4234,4815,1497,1336,1543,2161,2244,1329,1103,1572,2073,2571
347,독산로70길,20877,10599,10278,2968,2619,3297,4498,4926,1574,1423,1638,2342,2319,1394,1196,1659,2156,2607
348,독산로64길,18314,9310,9004,2614,2357,2909,3918,4219,1395,1270,1451,2028,1995,1219,1087,1458,1890,2224
349,독산로50길,13364,6634,6730,1900,1763,2043,2506,3137,983,939,1005,1211,1493,917,824,1038,1295,1644
350,독산로40길,21044,10436,10608,2865,2721,3213,4030,5327,1498,1458,1586,1980,2468,1367,1263,1627,2050,2859
351,독산로108길,22020,11088,10932,3508,3541,3275,3898,5061,1716,1932,1675,1944,2416,1792,1609,1600,1954,2645
352,남부순환로112길,17655,9575,8080,4261,3939,2350,2744,3061,2104,2300,1413,1555,1555,2157,1639,937,1189,1506
353,금하로24길,16757,8382,8375,2244,2111,2673,3040,4463,1213,1135,1376,1525,1977,1031,976,1297,1515,2486
354,금하로1길,4787,2373,2414,682,632,739,864,1131,360,334,359,403,548,322,298,380,461,583
355,금하로14길,13757,6944,6813,1968,1949,2179,2496,3508,1056,1047,1136,1263,1587,912,902,1043,1233,1921
356,가산로5길,16593,9273,7320,3612,3844,2186,2507,2877,1927,2365,1333,1391,1476,1685,1479,853,1116,1401
357,가산로3길,12187,6940,5247,2792,3108,1641,1612,1916,1502,1977,1016,884,987,1290,1131,625,728,929
358,중앙로1길,16408,8036,8372,2182,2404,2632,2677,3549,1081,1177,1312,1288,1699,1101,1227,1320,1389,1850
359,중앙로15길,14948,7401,7547,1900,2113,2606,2403,3122,967,1048,1325,1196,1437,933,1065,1281,1207,1685
360,우마길,9776,5077,4699,1162,1258,1605,2000,2847,574,700,899,1134,1315,588,558,706,866,1532
361,오류로8길,18787,9228,9559,3072,3895,2558,2557,4371,1358,2081,1350,1186,2015,1714,1814,1208,1371,2356
362,신도림로13길,12526,6216,6310,1501,1938,2373,1785,2323,767,919,1205,923,1098,734,1019,1168,862,1225
363,새말로18길,18485,8890,9595,3129,4045,2524,2761,3647,1369,1996,1256,1295,1758,1760,2049,1268,1466,1889
364,부일로1길,8171,4124,4047,922,1405,1338,1219,1908,452,708,706,578,890,470,697,632,641,1018
365,부일로15길,11001,5438,5563,1498,1537,1810,1870,2533,802,785,897,890,1137,696,752,913,980,1396
366,부일로11길,14242,7069,7173,1932,1958,2336,2471,3173,1038,985,1148,1185,1462,894,973,1188,1286,1711
367,디지털로32길,12814,6772,6042,3690,3921,1658,1265,1498,1688,2272,988,709,726,2002,1649,670,556,772
368,디지털로32가길,14578,7914,6664,4416,4531,1846,1386,1654,2089,2674,1155,790,825,2327,1857,691,596,829
369,디지털로27길,10705,5470,5235,1188,1496,1795,2046,3043,603,816,983,1107,1384,585,680,812,939,1659
370,도림로6길,14754,7567,7187,1696,1960,2429,2818,4269,931,1067,1321,1494,1940,765,893,1108,1324,2329
371,도림로12길,20724,10287,10437,2297,3330,3556,3366,5243,1246,1715,1890,1623,2286,1051,1615,1666,1743,2957
372,남부순환로97길,18662,9120,9542,2182,3146,2744,2730,4817,1094,1549,1408,1234,2329,1088,1597,1336,1496,2488
373,구로중앙로8길,17318,8407,8911,2505,2713,2700,2869,4512,1107,1388,1375,1432,2066,1398,1325,1325,1437,2446
374,구로중앙로7길,20275,9961,10314,2189,3106,3356,3341,5399,1116,1549,1752,1606,2441,1073,1557,1604,1735,2958
375,구로중앙로42길,10534,5331,5203,1371,1941,1943,1462,1890,703,975,1008,774,900,668,966,935,688,990
376,구로중앙로34길,13122,6435,6687,1903,2206,1984,2232,3024,931,1165,1023,1101,1362,972,1041,961,1131,1662
377,구로중앙로28길,21559,10415,11144,4070,4115,3346,3268,4212,1669,2093,1749,1701,1934,2401,2022,1597,1567,2278
378,구로중앙로19길,13160,6459,6701,2127,1913,2046,2289,3429,951,1001,1049,1196,1576,1176,912,997,1093,1853
379,구로동로8길,27549,13833,13716,3092,3959,4481,4879,7699,1698,2087,2396,2437,3416,1394,1872,2085,2442,4283
380,구로동로7길,15874,8249,7625,1999,1763,2402,3253,4903,1142,993,1318,1722,2252,857,770,1084,1531,2651
381,구로동로42길,16176,8075,8101,2178,2073,2587,2969,4307,1127,1110,1365,1487,1933,1051,963,1222,1482,2374
382,구로동로41길,12837,6474,6363,1580,1646,2101,2385,3510,828,889,1132,1262,1556,752,757,969,1123,1954
383,구로동로38길,12933,6496,6437,1608,1493,2116,2477,3771,838,808,1131,1308,1684,770,685,985,1169,2087
384,구로동로28길,16315,8074,8241,1948,2343,2653,2882,4622,962,1231,1368,1466,2095,986,1112,1285,1416,2527
385,구로동로15길,11129,5757,5372,1478,1240,1641,2238,3428,860,697,884,1163,1577,618,543,757,1075,1851
386,공원로6가길,18880,9071,9809,3101,3805,2662,2860,3730,1367,1869,1341,1357,1777,1734,1936,1321,1503,1953
387,고척로52길,17299,8768,8531,2215,2337,2793,3001,4280,1149,1222,1438,1515,2019,1066,1115,1355,1486,2261
388,고척로27다길,17944,8922,9022,2307,2467,2959,3152,4285,1245,1230,1526,1585,1959,1062,1237,1433,1567,2326
389,고척로27길,19011,9490,9521,2465,2744,3155,3266,4385,1319,1387,1620,1647,2026,1146,1357,1535,1619,2359
390,고척로21나길,19426,9769,9657,2500,2767,2975,3357,4953,1365,1420,1568,1646,2322,1135,1347,1407,1711,2631
391,경인로47길,14537,7322,7215,2099,1983,2275,2462,3473,1094,1037,1181,1214,1644,1005,946,1094,1248,1829
392,경인로35길,20059,10091,9968,2445,2850,3055,3495,5466,1277,1489,1637,1746,2551,1168,1361,1418,1749,2915
393,경인로31길,14791,7444,7347,1934,1912,2286,2730,3912,1021,967,1247,1383,1838,913,945,1039,1347,2074
394,경인로15길,16658,8151,8507,2449,2810,2570,2582,3871,1172,1435,1316,1215,1814,1277,1375,1254,1367,2057
395,개봉로3길,17741,8739,9002,2293,2732,2798,2903,4336,1198,1419,1401,1360,2005,1095,1313,1397,1543,2331
396,개봉로2길,21290,10380,10910,2559,3290,3301,3349,5285,1300,1616,1668,1558,2455,1259,1674,1633,1791,2830
397,개봉로23가길,24422,11925,12497,2889,3939,3769,3734,5837,1412,1924,1926,1732,2796,1477,2015,1843,2002,3041
398,개봉로20길,27109,13256,13853,3187,4384,4186,4124,6485,1608,2157,2132,1889,3081,1579,2227,2054,2235,3404
399,개봉로1길,13457,6662,6795,1678,2106,2127,2178,3291,881,1096,1089,1031,1531,797,1010,1038,1147,1760
400,개봉로17다길,28695,14098,14597,3832,5165,4056,4342,7255,1879,2677,2119,1994,3344,1953,2488,1937,2348,3911
401,개봉로17길,25143,12365,12778,3242,4135,3749,4090,6263,1664,2106,1941,1893,2887,1578,2029,1808,2197,3376
402,개봉로11길,23452,11528,11924,3182,3470,3664,4030,5706,1636,1792,1849,1899,2594,1546,1678,1815,2131,3112
403,화곡로64길,17981,8500,9481,3782,4330,2469,2342,2948,1504,2119,1234,1142,1324,2278,2211,1235,1200,1624
404,화곡로59길,12267,5943,6324,2246,2191,1739,2035,2470,1026,1066,867,964,1176,1220,1125,872,1071,1294
405,화곡로44나길,18149,9072,9077,2740,3480,2939,2773,3824,1382,1918,1526,1306,1694,1358,1562,1413,1467,2130
406,화곡로31길,26816,12946,13870,4179,5184,4140,4032,5435,1955,2585,2032,1900,2492,2224,2599,2108,2132,2943
407,화곡로20길,25816,12671,13145,3781,4776,3939,4079,5402,1864,2510,2012,1926,2470,1917,2266,1927,2153,2932
408,화곡로13길,25072,12242,12830,3602,4161,3815,3998,5353,1789,2109,1876,1861,2479,1813,2052,1939,2137,2874
409,초원로16길,21170,10379,10791,2966,3389,3235,3299,4729,1383,1748,1704,1588,2157,1583,1641,1531,1711,2572
410,초록마을로8길,26633,13044,13589,3710,4966,4539,3876,5022,1827,2615,2297,1759,2201,1883,2351,2242,2117,2821
411,초록마을로3길,21510,10622,10888,3230,4275,3523,3174,4343,1608,2252,1805,1463,1908,1622,2023,1718,1711,2435
412,월정로20길,22453,11253,11200,3528,4946,3260,3397,4965,1731,2689,1776,1650,2247,1797,2257,1484,1747,2718
413,우장산로6길,20653,9832,10821,2465,2537,4328,3106,3181,1199,1172,2011,1593,1465,1266,1365,2317,1513,1716
414,양천로73가길,21210,10336,10874,2885,3756,3838,3140,3126,1384,1795,1885,1553,1477,1501,1961,1953,1587,1649
415,양천로71길,23943,11707,12236,2867,3839,4811,3344,3405,1415,1803,2389,1648,1616,1452,2036,2422,1696,1789
416,양천로49길,9904,4833,5071,2083,2162,1386,1481,1551,839,1120,719,718,777,1244,1042,667,763,774
417,양천로26길,20517,9829,10688,3533,4147,2978,2775,3926,1416,2180,1595,1356,1680,2117,1967,1383,1419,2246
418,양천로24길,20712,10192,10520,2866,3522,3178,3280,4724,1343,1834,1638,1566,2185,1523,1688,1540,1714,2539
419,양천로24가길,21254,10528,10726,2732,3485,3332,3427,4954,1373,1814,1714,1643,2288,1359,1671,1618,1784,2666
420,양천로14길,22341,10997,11344,2882,3511,3390,3653,5687,1457,1839,1774,1751,2504,1425,1672,1616,1902,3183
421,방화대로6라길,9763,5000,4763,1291,2124,1639,1441,1612,643,1118,901,724,751,648,1006,738,717,861
422,방화대로21길,14519,7284,7235,2418,2436,1982,2366,3440,1189,1319,1060,1133,1633,1229,1117,922,1233,1807
423,등촌로5길,20935,10258,10677,3066,3826,3205,3533,4592,1579,1957,1587,1641,2038,1487,1869,1618,1892,2554
424,등촌로55길,13815,6697,7118,2426,3080,2014,2007,2550,1123,1567,1012,928,1150,1303,1513,1002,1079,1400
425,등촌로51길,15345,7475,7870,2553,3320,2235,2256,2860,1223,1704,1108,1037,1272,1330,1616,1127,1219,1588
426,등촌로39길,16550,8132,8418,2553,2672,2403,2848,3570,1343,1344,1156,1338,1616,1210,1328,1247,1510,1954
427,등촌로13길,22932,11315,11617,3345,3820,3685,3879,4836,1761,1964,1804,1854,2141,1584,1856,1881,2025,2695
428,남부순환로11길,14488,7451,7037,2089,2917,2346,2147,2748,1067,1557,1297,1082,1277,1022,1360,1049,1065,1471
429,까치산로4길,28054,13642,14412,4214,5492,4688,3975,5242,2023,2866,2375,1790,2297,2191,2626,2313,2185,2945
430,국회대로7길,19999,9753,10246,2742,3490,3070,3309,4858,1395,1821,1553,1529,2166,1347,1669,1517,1780,2692
431,공항대로8길,17256,8760,8496,2818,3437,2518,2610,3482,1408,1836,1354,1283,1645,1410,1601,1164,1327,1837
432,공항대로61길,18506,8917,9589,2951,3910,3057,2641,2859,1316,1909,1529,1256,1327,1635,2001,1528,1385,1532
433,공항대로59다길,22953,11172,11781,3150,4142,4123,3352,3578,1505,1974,2042,1643,1657,1645,2168,2081,1709,1921
434,공항대로59길,19517,9408,10109,3290,4316,3051,2806,2929,1448,2117,1528,1342,1344,1842,2199,1523,1464,1585
435,공항대로55길,15086,7229,7857,2736,3299,2161,2110,2748,1176,1628,1075,1006,1241,1560,1671,1086,1104,1507
436,공항대로42길,11830,5696,6134,1498,1544,2204,1880,2272,749,741,1044,940,1044,749,803,1160,940,1228
437,공항대로38길,9963,4671,5292,1451,1616,1977,1294,1529,595,778,970,654,677,856,838,1007,640,852
438,곰달래로60길,17335,8382,8953,2523,2942,2642,2922,3983,1288,1468,1308,1361,1774,1235,1474,1334,1561,2209
439,곰달래로53길,23624,11584,12040,3244,4063,3970,3820,4845,1664,2109,1979,1799,2162,1580,1954,1991,2021,2683
440,곰달래로47길,23583,11568,12015,3176,4031,4112,3655,4688,1600,2096,2031,1750,2093,1576,1935,2081,1905,2595
441,곰달래로31길,27603,13351,14252,3718,5144,4684,3980,5722,1816,2656,2340,1823,2496,1902,2488,2344,2157,3226
442,곰달래로25길,22248,10632,11616,3385,4516,3436,3121,4845,1545,2310,1733,1390,2146,1840,2206,1703,1731,2699
443,개화동로25길,11097,5484,5613,2100,1834,1464,1820,2732,955,1012,773,915,1263,1145,822,691,905,1469
444,개화동로23길,16890,8359,8531,2680,2616,2372,2869,4261,1295,1437,1247,1421,1903,1385,1179,1125,1448,2358
445,강서로8길,24250,11851,12399,3499,4761,3853,3451,5342,1636,2466,1980,1577,2445,1863,2295,1873,1874,2897
446,강서로5라길,22667,11086,11581,2992,3963,3736,3470,5073,1494,2070,1896,1595,2303,1498,1893,1840,1875,2770
447,강서로5나길,23184,11636,11548,3915,5340,3301,3358,4972,1855,2901,1802,1612,2299,2060,2439,1499,1746,2673
448,강서로5가길,21596,10556,11040,3565,4787,3124,2997,4721,1640,2550,1628,1356,2134,1925,2237,1496,1641,2587
449,강서로47라길,19653,9304,10349,2524,2478,3938,3044,3198,1196,1181,1856,1540,1394,1328,1297,2082,1504,1804
450,강서로47길,24675,11688,12987,3149,3138,4906,3775,3940,1516,1493,2324,1861,1680,1633,1645,2582,1914,2260
451,강서로45다길,25521,12414,13107,3524,3946,4015,4049,5684,1772,1946,1934,1899,2666,1752,2000,2081,2150,3018
452,강서로45길,15649,7568,8081,1947,2261,2745,2275,3177,948,1070,1308,1116,1476,999,1191,1437,1159,1701
453,강서로35길,21859,10543,11316,3333,3956,3364,3479,4739,1611,1981,1677,1627,2148,1722,1975,1687,1852,2591
454,강서로29길,23622,11499,12123,3718,4921,3563,3586,4776,1755,2555,1828,1645,2185,1963,2366,1735,1941,2591
455,강서로18길,36071,17436,18635,5284,6974,5765,5414,7403,2580,3576,2910,2441,3265,2704,3398,2855,2973,4138
456,강서로17가길,24496,11944,12552,3800,5081,3464,3827,5443,1884,2641,1802,1736,2408,1916,2440,1662,2091,3035
457,강서로15길,36550,17947,18603,6034,8010,5149,5442,7935,2835,4247,2700,2550,3590,3199,3763,2449,2892,4345
458,가로공원로80길,25314,12427,12887,3664,5050,3630,3989,5486,1833,2642,1868,1809,2506,1831,2408,1762,2180,2980
459,가로공원로76가길,30336,14931,15405,4374,5888,4355,4864,6931,2214,3083,2256,2272,3116,2160,2805,2099,2592,3815
460,화곡로4길,15789,8069,7720,2276,2375,2297,2869,3637,1216,1293,1179,1420,1730,1060,1082,1118,1449,1907
461,화곡로3길,13744,6904,6840,1993,2053,2136,2262,2664,1078,1055,1018,1104,1265,915,998,1118,1158,1399
462,지양로7길,15477,7605,7872,1988,2236,2321,2657,4050,1059,1176,1203,1256,1794,929,1060,1118,1401,2256
463,중앙로55길,19923,9952,9971,2549,3207,3052,3219,4799,1324,1703,1570,1567,2210,1225,1504,1482,1652,2589
464,중앙로51길,24244,11884,12360,3017,3650,3797,3925,5814,1547,1865,1880,1889,2662,1470,1785,1917,2036,3152
465,중앙로47길,16242,8170,8072,2033,2348,2566,2951,4010,1105,1212,1342,1430,1867,928,1136,1224,1521,2143
466,중앙로45길,18545,9171,9374,2438,2777,2980,3159,4362,1264,1402,1503,1525,2030,1174,1375,1477,1634,2332
467,중앙로36길,14860,7320,7540,1692,1779,2983,2386,2622,847,824,1432,1267,1187,845,955,1551,1119,1435
468,중앙로32길,14003,6822,7181,1814,1818,2646,2261,2502,898,852,1260,1138,1152,916,966,1386,1123,1350
469,중앙로25길,15861,7987,7874,1920,2241,2651,2800,3674,1058,1146,1315,1414,1666,862,1095,1336,1386,2008
470,은행정로7길,20572,10191,10381,2769,3093,3545,3397,4378,1381,1569,1782,1708,2000,1388,1524,1763,1689,2378
471,은행정로5길,15802,7755,8047,1940,2142,2987,2475,3047,963,1041,1478,1261,1375,977,1101,1509,1214,1672
472,오목로5길,22851,11350,11501,2703,3523,3707,3627,5235,1429,1761,1897,1782,2406,1274,1762,1810,1845,2829
473,오목로3길,22152,11061,11091,2669,3452,3613,3542,4997,1419,1702,1904,1753,2282,1250,1750,1709,1789,2715
474,오목로30길,23419,11605,11814,3351,3790,3833,3886,5167,1653,1973,1953,1924,2365,1698,1817,1880,1962,2802
475,오목로23길,19830,9856,9974,2851,3423,3056,3220,4640,1423,1825,1556,1544,2164,1428,1598,1500,1676,2476
476,신월로20길,16514,8141,8373,2069,2486,2543,2782,4020,1096,1270,1258,1289,1892,973,1216,1285,1493,2128
477,신월로15길,19087,9390,9697,2445,2710,3003,3222,4554,1266,1380,1488,1574,2064,1179,1330,1515,1648,2490
478,신목로6길,25382,12364,13018,3449,2613,4991,4413,4372,1779,1203,2323,2252,1987,1670,1410,2668,2161,2385
479,신목로5길,21515,10535,10980,2966,2023,4300,3883,3475,1535,925,1974,2016,1612,1431,1098,2326,1867,1863
480,신목로2길,23261,11330,11931,3248,2337,4412,4170,4238,1671,1093,2033,2133,1921,1577,1244,2379,2037,2317
481,목동중앙서로8가길,16661,8076,8585,2423,2371,2997,2837,2975,1247,1152,1415,1396,1313,1176,1219,1582,1441,1662
482,목동중앙서로7길,26599,13082,13517,4071,3811,4547,4652,4927,2153,1930,2121,2270,2171,1918,1881,2426,2382,2756
483,목동중앙북로8길,19737,9488,10249,3162,3590,2802,3271,4172,1551,1785,1350,1497,1833,1611,1805,1452,1774,2339
484,목동중앙북로16길,19108,9254,9854,3099,3965,2776,2937,3556,1471,2018,1334,1370,1632,1628,1947,1442,1567,1924
485,목동중앙본로7길,24065,11871,12194,3835,3486,3931,4295,4240,2098,1697,1812,2059,1911,1737,1789,2119,2236,2329
486,목동중앙로3길,22932,11453,11479,3440,2551,4438,4000,3492,1859,1249,1975,2047,1568,1581,1302,2463,1953,1924
487,목동중앙로13나길,5681,2859,2822,860,901,1032,917,839,417,456,480,480,421,443,445,552,437,418
488,목동중앙남로3가길,22738,11281,11457,3590,3597,3575,4004,4200,1962,1803,1655,1898,1886,1628,1794,1920,2106,2314
489,목동로9길,18308,8879,9429,2518,2725,3322,3004,3220,1263,1273,1596,1489,1472,1255,1452,1726,1515,1748
490,목동로19길,17127,8361,8766,2572,2835,2834,2809,3313,1252,1385,1392,1353,1557,1320,1450,1442,1456,1756
491,목동동로8길,15355,7585,7770,2118,1429,3235,2728,2095,1091,647,1478,1439,994,1027,782,1757,1289,1101
492,목동동로12길,22449,10781,11668,2921,2555,4550,3657,3606,1447,1121,2082,1844,1699,1474,1434,2468,1813,1907
493,목동남로4길,16289,7970,8319,2271,1656,2602,3124,4099,1215,845,1264,1540,1784,1056,811,1338,1584,2315
494,남부순환로88길,12743,6215,6528,1499,1597,2497,2047,2125,776,763,1180,1019,956,723,834,1317,1028,1169
495,남부순환로79길,12853,6358,6495,1692,1629,2178,2296,2759,895,844,1063,1109,1265,797,785,1115,1187,1494
496,남부순환로70길,19648,9706,9942,2507,2859,3087,3326,4886,1342,1480,1619,1607,2159,1165,1379,1468,1719,2727
497,남부순환로58길,16575,8642,7933,2224,2206,2571,3353,4051,1150,1218,1379,1806,1944,1074,988,1192,1547,2107
498,남부순환로40길,15927,8398,7529,2111,2020,2388,3254,4267,1082,1144,1324,1776,2074,1029,876,1064,1478,2193
499,남부순환로33길,20825,10518,10307,3007,3302,3117,3651,4662,1565,1772,1593,1815,2184,1442,1530,1524,1836,2478
500,곰달래로5길,24318,12492,11826,3273,3427,3681,4709,6142,1691,1910,1935,2459,2908,1582,1517,1746,2250,3234
501,곰달래로3길,22782,11633,11149,3035,3210,3495,4349,5708,1574,1744,1834,2228,2696,1461,1466,1661,2121,3012
502,곰달래로2길,17990,9133,8857,2280,2826,2898,3190,4119,1230,1478,1530,1601,1921,1050,1348,1368,1589,2198
503,곰달래로10길,22294,11320,10974,2879,3926,3482,3710,5162,1486,2085,1884,1839,2415,1393,1841,1598,1871,2747
504,가로공원로58길,10819,5789,5030,1362,1257,1662,2241,3029,692,732,952,1271,1479,670,525,710,970,1550
505,효창원로93길,18828,9013,9815,3149,2842,3102,3160,4155,1427,1454,1533,1577,1796,1722,1388,1569,1583,2359
506,토정로37길,18205,8698,9507,1963,3242,3763,2447,2938,916,1521,1833,1231,1301,1047,1721,1930,1216,1637
507,월드컵로8길,11982,5539,6443,2323,2522,1860,1558,2397,1009,1146,896,757,1048,1314,1376,964,801,1349
508,월드컵로7길,16843,7732,9111,3209,3656,2600,2196,3211,1385,1666,1289,1034,1375,1824,1990,1311,1162,1836
509,월드컵로36길,25191,11744,13447,4249,4391,4253,3423,5054,1781,2054,2081,1700,2149,2468,2337,2172,1723,2905
510,월드컵로25길,24795,11844,12951,3446,4346,4269,3621,5232,1672,2074,2126,1790,2256,1774,2272,2143,1831,2976
511,월드컵로19길,17853,8310,9543,2940,3472,2946,2404,3788,1338,1618,1426,1169,1601,1602,1854,1520,1235,2187
512,월드컵로16길,18731,8745,9986,3119,3726,3298,2430,3642,1411,1726,1586,1195,1566,1708,2000,1712,1235,2076
513,월드컵로11길,19938,9219,10719,3421,4291,3151,2654,4019,1508,1973,1547,1245,1706,1913,2318,1604,1409,2313
514,월드컵로10길,15247,7008,8239,2723,3364,2604,1956,2875,1176,1531,1240,929,1232,1547,1833,1364,1027,1643
515,와우산로3길,9016,4233,4783,1917,2030,1327,1189,1607,851,965,668,583,700,1066,1065,659,606,907
516,와우산로29길,7286,3454,3832,1781,1401,1082,949,1311,827,692,523,447,569,954,709,559,502,742
517,와우산로29가길,7704,3711,3993,2002,1427,1143,988,1313,986,716,551,456,569,1016,711,592,532,744
518,양화진길,9050,4312,4738,1620,1790,1204,1216,1865,740,864,602,572,777,880,926,602,644,1088
519,양화로1길,15489,7267,8222,2882,3233,2229,1994,2905,1261,1516,1097,941,1273,1621,1717,1132,1053,1632
520,양화로11길,8213,3792,4421,1632,1673,1239,1071,1732,714,748,596,525,761,918,925,643,546,971
521,신촌로30길,13040,6186,6854,1971,2401,2050,2167,2220,889,1133,1035,1044,991,1082,1268,1015,1123,1229
522,신촌로28가길,12136,5747,6389,2103,2170,1857,1976,2052,923,1016,947,981,940,1180,1154,910,995,1112
523,신촌로12길,11888,5783,6105,3037,2223,1698,1627,2044,1519,1100,827,786,906,1518,1123,871,841,1138
524,숭문길,12142,5863,6279,1731,1720,2180,1871,2582,861,833,1093,946,1095,870,887,1087,925,1487
525,숭문8길,12904,6299,6605,2038,2151,2134,1903,2599,1016,1095,1082,962,1112,1022,1056,1052,941,1487
526,성지3길,8178,3826,4352,1453,1795,1174,1240,1717,660,869,584,584,727,793,926,590,656,990
527,성산로4길,21789,9912,11877,4138,4329,3634,2780,4244,1656,2049,1752,1327,1795,2482,2280,1882,1453,2449
528,성미산로32길,11108,5203,5905,2286,2343,1692,1432,2251,1064,1103,838,675,949,1222,1240,854,757,1302
529,성미산로1길,19101,9030,10071,2943,3420,3409,2620,3959,1387,1652,1620,1283,1713,1556,1768,1789,1337,2246
530,성미산로11길,15912,7525,8387,2615,3154,2667,2223,3222,1230,1537,1298,1023,1408,1385,1617,1369,1200,1814
531,백범로16길,19161,9313,9848,2710,2772,3388,2951,4018,1358,1357,1705,1491,1719,1352,1415,1683,1460,2299
532,방울내로9안길,20225,9549,10676,2825,3283,3461,2813,4850,1302,1596,1751,1362,2004,1523,1687,1710,1451,2846
533,모래내로7길,15415,7509,7906,2437,2244,2633,2412,3216,1180,1121,1295,1197,1439,1257,1123,1338,1215,1777
534,매봉산로2길,8491,4169,4322,1238,1486,1457,1256,1698,601,761,757,639,737,637,725,700,617,961
535,망원로2길,25329,12127,13202,3844,4864,4212,3651,5220,1855,2335,2104,1781,2265,1989,2529,2108,1870,2955
536,망원로11길,19633,9216,10417,2979,3586,3438,2728,3978,1385,1703,1639,1347,1686,1594,1883,1799,1381,2292
537,만리재옛길,20112,9588,10524,3336,3531,3273,3280,4082,1486,1749,1616,1627,1808,1850,1782,1657,1653,2274
538,마포대로4길,12794,6076,6718,1720,2580,2192,1830,2559,795,1253,1021,882,1169,925,1327,1171,948,1390
539,마포대로20길,19856,9487,10369,2892,3888,3249,3174,3680,1329,1890,1601,1575,1633,1563,1998,1648,1599,2047
540,마포대로12길,14421,6760,7661,2340,2748,2236,2229,2853,967,1317,1105,1089,1252,1373,1431,1131,1140,1601
541,동교로38길,12220,5800,6420,2742,2606,1708,1442,2173,1286,1239,857,645,907,1456,1367,851,797,1266
542,동교로27길,14574,6771,7803,2828,3031,2315,1880,2908,1294,1403,1126,882,1259,1534,1628,1189,998,1649
543,동교로25길,10099,4692,5407,1990,2214,1670,1269,1884,922,1019,806,588,836,1068,1195,864,681,1048
544,동교로19길,11494,5343,6151,2124,2466,1986,1539,2058,962,1163,955,713,890,1162,1303,1031,826,1168
545,동교로17길,13704,6402,7302,2392,2912,2437,1808,2589,1058,1359,1166,878,1147,1334,1553,1271,930,1442
546,독막로8길,7855,3713,4142,1579,1843,1107,1087,1540,727,909,559,515,652,852,934,548,572,888
547,독막로32길,19674,9690,9984,2983,3073,3350,2987,4291,1573,1538,1658,1499,1852,1410,1535,1692,1488,2439
548,독막로22길,13049,6175,6874,1785,2305,2485,1832,2153,801,1026,1193,891,978,984,1279,1292,941,1175
549,도화길,18116,8390,9726,2526,3520,3066,2726,3712,1107,1669,1425,1318,1585,1419,1851,1641,1408,2127
550,도화4길,24656,11641,13015,3278,4395,3990,3902,5156,1500,2104,1892,1875,2257,1778,2291,2098,2027,2899
551,대흥로28길,8426,3834,4592,2139,1410,1170,1195,1617,773,679,613,630,701,1366,731,557,565,916
552,대흥로21길,14066,6663,7403,3819,2359,1843,1883,3033,1621,1198,968,1000,1297,2198,1161,875,883,1736
553,광성로6길,15707,7896,7811,2667,2283,2668,2438,3380,1460,1158,1343,1262,1463,1207,1125,1325,1176,1917
554,홍제내길,13479,6339,7140,1770,1836,2161,2157,3462,859,916,1037,1006,1503,911,920,1124,1151,1959
555,홍연길,11253,5430,5823,1647,1624,1789,1746,2953,847,810,924,851,1245,800,814,865,895,1708
556,통일로39길,11600,5515,6085,1521,1501,1815,1984,3245,751,747,900,917,1432,770,754,915,1067,1813
557,통일로37길,13685,6521,7164,1780,1834,2178,2296,3844,867,924,1089,1086,1670,913,910,1089,1210,2174
558,통일로11길,9823,4653,5170,1343,1486,1664,1579,2170,640,707,809,795,912,703,779,855,784,1258
559,충정로6길,5433,2652,2781,869,1240,893,724,1118,359,591,468,401,537,510,649,425,323,581
560,충정로4길,11640,5760,5880,1733,1969,1797,1886,2910,858,958,937,977,1345,875,1011,860,909,1565
561,증가로6길,16402,8019,8383,2771,2206,2562,2622,4120,1406,1162,1287,1283,1798,1365,1044,1275,1339,2322
562,증가로23나길,33028,16047,16981,4517,4487,5406,5592,8038,2314,2215,2676,2680,3592,2203,2272,2730,2912,4446
563,증가로20가길,23497,11592,11905,3818,3160,3843,3869,5110,1990,1620,1869,1896,2284,1828,1540,1974,1973,2826
564,증가로10길,16415,8026,8389,2993,2186,2591,2602,3994,1474,1156,1296,1289,1761,1519,1030,1295,1313,2233
565,응암로1길,20795,10152,10643,2881,3052,3282,3433,5348,1469,1553,1638,1648,2403,1412,1499,1644,1785,2945
566,연희로10길,11601,5799,5802,3475,2111,1517,1391,1903,1884,1100,732,650,824,1591,1011,785,741,1079
567,신촌로37길,13639,6698,6941,1983,2002,2084,2430,3566,1006,1045,1070,1220,1539,977,957,1014,1210,2027
568,수색로8길,15998,7779,8219,2016,2250,2699,2629,3644,1045,1065,1364,1282,1617,971,1185,1335,1347,2027
569,세무서길,18550,9004,9546,2467,2453,2829,3218,5096,1219,1268,1405,1602,2215,1248,1185,1424,1616,2881
570,세무서2길,17734,8534,9200,2425,2302,2672,3191,4819,1215,1169,1296,1543,2098,1210,1133,1376,1648,2721
571,세검정로1길,14634,6967,7667,1848,1764,2278,2410,4115,878,894,1120,1202,1752,970,870,1158,1208,2363
572,북아현로4길,15893,7872,8021,2367,2371,2469,2854,3901,1220,1259,1249,1451,1706,1147,1112,1220,1403,2195
573,모래내로15길,33777,16337,17440,4010,5202,5868,5009,7175,1985,2437,3007,2475,3156,2025,2765,2861,2534,4019
574,명지대길,18422,9014,9408,3558,2410,2857,2959,4145,1781,1293,1381,1450,1828,1777,1117,1476,1509,2317
575,독립문로8길,23786,11427,12359,3282,3588,4007,3803,5297,1616,1783,1977,1886,2287,1666,1805,2030,1917,3010
576,가재울로6길,24716,11933,12783,3145,3608,4240,3683,5699,1589,1710,2197,1784,2487,1556,1898,2043,1899,3212
577,통일로92길,22413,10950,11463,3575,3513,3339,3725,5576,1807,1860,1674,1718,2510,1768,1653,1665,2007,3066
578,통일로87길,20311,9845,10466,3246,3320,3007,3382,4870,1622,1736,1510,1562,2170,1624,1584,1497,1820,2700
579,통일로78길,21264,10092,11172,3345,3385,3092,3532,5377,1594,1749,1490,1618,2343,1751,1636,1602,1914,3034
580,통일로69길,16239,7763,8476,2452,2553,2463,2697,4186,1155,1291,1250,1325,1817,1297,1262,1213,1372,2369
581,진흥로1길,27936,13202,14734,3918,4766,4656,4363,6169,1808,2291,2340,2036,2672,2110,2475,2316,2327,3497
582,진흥로12길,27046,13020,14026,3818,4275,4165,4404,7098,1850,2221,2123,2152,3071,1968,2054,2042,2252,4027
583,증산서길,13420,6627,6793,1843,2022,2040,2253,3293,970,1018,1003,1080,1518,873,1004,1037,1173,1775
584,증산로9길,15039,7374,7665,1995,2064,2351,2578,3954,1025,1042,1165,1240,1826,970,1022,1186,1338,2128
585,증산로5길,12218,6006,6212,1592,1698,1883,2001,3297,824,874,937,962,1498,768,824,946,1039,1799
586,증산로21길,29091,14169,14922,4182,4708,4667,4719,6721,2111,2495,2296,2234,2915,2071,2213,2371,2485,3806
587,증산로17길,19598,9645,9953,2591,2881,3095,3280,5080,1315,1470,1560,1593,2295,1276,1411,1535,1687,2785
588,증산로15길,17036,8482,8554,2224,2392,2753,2894,4248,1178,1217,1406,1393,1957,1046,1175,1347,1501,2291
589,증산로13길,18719,9268,9451,2554,2794,2901,3208,4931,1318,1440,1489,1574,2248,1236,1354,1412,1634,2683
590,응암로34길,21253,10292,10961,2664,3292,3776,3192,4729,1324,1613,1916,1519,2033,1340,1679,1860,1673,2696
591,응암로22길,18065,8807,9258,2066,2903,3130,2719,4369,1070,1442,1625,1356,1845,996,1461,1505,1363,2524
592,응암로14길,20067,9812,10255,2438,3337,3357,2986,4733,1230,1648,1710,1509,2034,1208,1689,1647,1477,2699
593,응암로13길,15637,7640,7997,2150,2350,2377,2633,4434,1102,1219,1210,1293,1934,1048,1131,1167,1340,2500
594,응암로12길,14933,7433,7500,2032,1940,2275,2585,4282,1072,1058,1138,1312,1867,960,882,1137,1273,2415
595,은평로8길,22805,10869,11936,3305,3995,3862,3300,4915,1522,1967,1955,1567,2115,1783,2028,1907,1733,2800
596,은평로3길,25749,12189,13560,3645,4237,4307,3983,5805,1733,2091,2131,1883,2486,1912,2146,2176,2100,3319
597,은평로20길,9448,4568,4880,1188,1473,1414,1610,2518,598,747,696,772,1101,590,726,718,838,1417
598,은평로13길,23069,11046,12023,2921,3569,3914,3686,5486,1406,1781,1945,1776,2355,1515,1788,1969,1910,3131
599,은평로10길,21760,10467,11293,2665,3234,3806,3284,4820,1273,1589,1867,1581,2079,1392,1645,1939,1703,2741
600,연서로5길,27206,12921,14285,3693,4291,4635,4378,5893,1798,2095,2272,2064,2558,1895,2196,2363,2314,3335
601,연서로41길,18936,9238,9698,2629,2680,2915,3310,4941,1311,1425,1477,1563,2192,1318,1255,1438,1747,2749
602,연서로3길,24944,11885,13059,3384,3984,4215,4002,5432,1647,1954,2096,1868,2348,1737,2030,2119,2134,3084
603,연서로34길,20785,10039,10746,2901,2987,3195,3504,5548,1462,1570,1576,1659,2406,1439,1417,1619,1845,3142
604,연서로33길,19367,9344,10023,2937,2941,2919,3247,5082,1464,1563,1435,1504,2222,1473,1378,1484,1743,2860
605,연서로29길,14725,7029,7696,2427,2424,2297,2402,3263,1144,1225,1100,1126,1447,1283,1199,1197,1276,1816
606,연서로28길,21731,10250,11481,3528,3570,3411,3447,5051,1669,1820,1657,1586,2189,1859,1750,1754,1861,2862
607,연서로27길,23204,11014,12190,3674,3819,3832,3605,4898,1739,1935,1836,1673,2134,1935,1884,1996,1932,2764
608,연서로21길,25155,11926,13229,3633,3929,4284,3985,5477,1722,2004,2039,1870,2401,1911,1925,2245,2115,3076
609,연서로17길,22608,10681,11927,3257,3355,3861,3583,4967,1541,1690,1832,1676,2180,1716,1665,2029,1907,2787
610,연서로16길,27667,13066,14601,3812,4284,4657,4431,6261,1803,2128,2228,2085,2740,2009,2156,2429,2346,3521
611,연서로13길,26779,12767,14012,3801,3967,4474,4378,5944,1797,2010,2140,2098,2693,2004,1957,2334,2280,3251
612,연서로11길,23989,11415,12574,3462,3519,4046,3956,5211,1663,1806,1933,1883,2289,1799,1713,2113,2073,2922
613,역말로9길,27151,12891,14260,3998,4138,4362,4440,6449,1931,2069,2148,2109,2796,2067,2069,2214,2331,3653
614,수색로18길,4120,2083,2037,519,496,561,772,1401,277,262,317,413,616,242,234,244,359,785
615,서오릉로8길,25344,12242,13102,3462,4049,3973,4145,6445,1680,2092,2028,1990,2818,1782,1957,1945,2155,3627
616,서오릉로21길,19896,9765,10131,2754,2651,3191,3372,4797,1391,1354,1547,1578,2275,1363,1297,1644,1794,2522
617,불광천길,22160,10711,11449,3024,3590,3615,3404,5556,1513,1836,1821,1635,2397,1511,1754,1794,1769,3159
618,갈현로7길,26682,13424,13258,3495,3954,4389,4505,6077,1742,2003,2267,2301,2967,1753,1951,2122,2204,3110
619,갈현로41길,21049,10241,10808,3217,2888,3269,3647,5195,1680,1479,1591,1699,2321,1537,1409,1678,1948,2874
620,갈현로33길,22156,10689,11467,3338,3266,3539,3786,4854,1671,1653,1664,1759,2179,1667,1613,1875,2027,2675
621,갈현로1길,25004,12209,12795,3386,3911,4064,4105,5518,1770,1998,1967,1934,2456,1616,1913,2097,2171,3062
622,가좌로7길,26855,13396,13459,4138,3467,4286,4556,6598,2190,1848,2152,2266,2907,1948,1619,2134,2290,3691
623,한글비석로44길,22834,11293,11541,3292,2518,3662,4221,5797,1762,1365,1763,2080,2593,1530,1153,1899,2141,3204
624,한글비석로24길,22478,10976,11502,3032,2678,3640,3915,6046,1580,1436,1819,1936,2612,1452,1242,1821,1979,3434
625,한글비석로22길,19374,9327,10047,2629,2182,3292,3352,4679,1333,1100,1568,1615,2048,1296,1082,1724,1737,2631
626,석계로1길,16177,8176,8001,2340,2172,2542,2684,4279,1291,1120,1311,1343,2008,1049,1052,1231,1341,2271
627,상계로9가길,22903,11206,11697,3447,2754,3541,4078,6008,1721,1482,1760,2021,2667,1726,1272,1781,2057,3341
628,상계로1길,12688,5982,6706,1885,2159,2014,2173,2560,870,1045,952,1007,1157,1015,1114,1062,1166,1403
629,상계로12길,31119,15167,15952,4826,3316,5571,5689,5981,2416,1655,2606,2855,2659,2410,1661,2965,2834,3322
630,동일로242길,11698,5688,6010,1836,1469,1687,2164,2837,952,724,805,1000,1342,884,745,882,1164,1495
631,동일로192길,26390,13340,13050,5795,3772,3504,4155,5716,3092,1985,1799,1996,2717,2703,1787,1705,2159,2999
632,동일로173가길,19291,9496,9795,3448,3089,2743,3144,4287,1650,1598,1439,1458,2027,1798,1491,1304,1686,2260
633,공릉로58길,8553,4145,4408,1553,1032,1452,1533,1434,818,495,642,718,621,735,537,810,815,813
634,해등로16길,23735,11469,12266,3313,3503,3583,4189,5374,1632,1806,1684,1916,2475,1681,1697,1899,2273,2899
635,우이천로4다길,20885,10406,10479,2721,2634,3348,3696,5462,1437,1403,1687,1859,2462,1284,1231,1661,1837,3000
636,우이천로32길,17893,8676,9217,2380,2349,2922,3006,4419,1231,1182,1460,1424,2003,1149,1167,1462,1582,2416
637,시루봉로23길,12967,6700,6267,1763,1702,1957,2400,3785,911,937,1072,1245,1813,852,765,885,1155,1972
638,삼양로144길,8261,3933,4328,1245,1083,1287,1293,2300,494,565,647,621,1047,751,518,640,672,1253
639,방학로6가길,21121,10590,10531,2905,2684,3136,4064,5767,1550,1432,1624,1986,2619,1355,1252,1512,2078,3148
640,방학로5길,22302,10873,11429,3053,3200,3281,4019,5601,1548,1676,1596,1857,2484,1505,1524,1685,2162,3117
641,방학로15길,17907,8808,9099,2271,2092,3161,3122,3635,1241,996,1469,1479,1667,1030,1096,1692,1643,1968
642,방학로10길,18630,9249,9381,2668,2310,2813,3507,4790,1455,1226,1361,1652,2200,1213,1084,1452,1855,2590
643,도봉산길,9730,4869,4861,1237,1327,1293,1719,2997,666,711,673,812,1390,571,616,620,907,1607
644,도봉산4길,3912,1973,1939,494,522,508,684,1273,265,277,264,342,589,229,245,244,342,684
645,도봉로181길,15188,7534,7654,2070,2069,2069,2660,4417,1064,1111,1069,1252,2046,1006,958,1000,1408,2371
646,도봉로169나길,11676,5883,5793,1369,1508,1668,2064,3713,709,822,906,1013,1735,660,686,762,1051,1978
647,도봉로156길,13985,7068,6917,1688,1812,2085,2520,4273,893,987,1126,1297,1923,795,825,959,1223,2350
648,도봉로152가길,14703,7398,7305,1710,1962,2204,2558,4455,883,1066,1183,1286,2058,827,896,1021,1272,2397
649,도봉로147길,21316,10685,10631,2941,2709,3155,4108,5837,1521,1428,1648,2069,2687,1420,1281,1507,2039,3150
650,도봉로143길,16598,8226,8372,2292,2243,2369,3097,4411,1174,1183,1206,1488,1979,1118,1060,1163,1609,2432
651,도봉로114길,21874,10663,11211,3401,3666,3299,3644,5285,1669,1886,1681,1717,2418,1732,1780,1618,1927,2867
652,도봉로109길,22031,10628,11403,3112,3513,3373,3615,5571,1458,1767,1719,1673,2570,1654,1746,1654,1942,3001
653,도당로29길,18736,9564,9172,2724,2324,2902,3492,5136,1424,1243,1533,1814,2433,1300,1081,1369,1678,2703
654,도당로19길,21181,10820,10361,2914,2525,3252,4078,5998,1576,1361,1702,2081,2822,1338,1164,1550,1997,3176
655,도당로13바길,21538,10954,10584,2914,2565,3360,4062,5847,1602,1409,1727,2062,2690,1312,1156,1633,2000,3157
656,도당로13가길,21133,10714,10419,2960,2505,3246,4119,5734,1604,1357,1666,2075,2649,1356,1148,1580,2044,3085
657,덕릉로60길,20436,10152,10284,2748,2687,3352,3601,4966,1418,1402,1679,1784,2259,1330,1285,1673,1817,2707
658,노해로63다길,16875,8183,8692,2429,2401,2522,3016,3840,1207,1211,1200,1409,1804,1222,1190,1322,1607,2036
659,노해로60길,20063,9626,10437,3074,3157,3006,3363,5113,1446,1598,1520,1572,2344,1628,1559,1486,1791,2769
660,한천로140길,15506,7753,7753,2614,2416,2265,2647,3968,1287,1305,1192,1303,1813,1327,1111,1073,1344,2155
661,한천로139가길,12681,6286,6395,2153,1954,1859,2235,3323,1001,1070,1005,1117,1499,1152,884,854,1118,1824
662,한천로132길,18742,9330,9412,3221,2960,2772,3127,4693,1579,1560,1435,1555,2158,1642,1400,1337,1572,2535
663,한천로130길,19336,9674,9662,3010,2848,3061,3290,4711,1498,1480,1578,1661,2169,1512,1368,1483,1629,2542
664,한천로124나길,16243,8136,8107,2775,2463,2629,2615,3919,1327,1306,1386,1338,1794,1448,1157,1243,1277,2125
665,한천로109길,23599,11300,12299,2761,2804,3886,3710,6880,1409,1446,1959,1798,2885,1352,1358,1927,1912,3995
666,인수봉로79길,14685,7160,7525,1803,1895,2289,2545,4061,912,978,1127,1231,1864,891,917,1162,1314,2197
667,인수봉로72길,21597,10614,10983,2783,2945,3292,3760,5844,1451,1582,1633,1846,2600,1332,1363,1659,1914,3244
668,인수봉로56길,18140,8886,9254,2591,2493,2740,3127,4695,1314,1347,1388,1473,2087,1277,1146,1352,1654,2608
669,오패산로67길,16567,8112,8455,3053,2727,2588,2736,4076,1288,1484,1395,1396,1885,1765,1243,1193,1340,2191
670,오패산로52길,18019,8831,9188,2514,2434,2733,3207,4774,1344,1294,1380,1475,2086,1170,1140,1353,1732,2688
671,오패산로30길,17238,8169,9069,2443,2425,2768,2867,4415,1166,1206,1375,1360,1937,1277,1219,1393,1507,2478
672,수유로12길,17647,8638,9009,2924,2768,2518,2990,4706,1289,1521,1324,1508,2136,1635,1247,1194,1482,2570
673,솔샘로65길,17744,8712,9032,2431,2389,2699,3380,4897,1234,1315,1380,1626,2206,1197,1074,1319,1754,2691
674,솔매로50길,19872,9755,10117,2849,2792,3127,3522,5060,1384,1495,1601,1653,2302,1465,1297,1526,1869,2758
675,솔매로45길,14169,6949,7220,2087,1951,2021,2565,3980,980,1050,1024,1252,1801,1107,901,997,1313,2179
676,솔매로41길,19791,9731,10060,2703,2790,2983,3527,5471,1286,1485,1513,1743,2465,1417,1305,1470,1784,3006
677,삼양로93길,23141,11351,11790,3211,3149,3511,4037,6074,1654,1674,1785,1934,2665,1557,1475,1726,2103,3409
678,삼양로77길,20964,10426,10538,2841,2794,3205,3769,5431,1465,1501,1644,1860,2446,1376,1293,1561,1909,2985
679,삼양로54길,20139,9953,10186,2752,2766,3072,3704,5501,1354,1491,1593,1831,2494,1398,1275,1479,1873,3007
680,삼양로41길,24642,12118,12524,3020,3231,3960,4344,6455,1570,1680,2026,2179,2805,1450,1551,1934,2165,3650
681,삼양로27길,24896,12047,12849,2656,3259,4544,3966,6128,1343,1599,2283,1970,2611,1313,1660,2261,1996,3517
682,삼양로24길,21332,10591,10741,2648,2834,3437,3831,5645,1410,1487,1765,1883,2536,1238,1347,1672,1948,3109
683,삼양로20길,19079,9469,9610,2183,2690,3431,3051,4260,1116,1360,1754,1503,1900,1067,1330,1677,1548,2360
684,삼각산로28길,20112,9954,10158,3184,3142,3016,3451,5137,1574,1705,1556,1707,2307,1610,1437,1460,1744,2830
685,도봉로99길,13042,6527,6515,2185,1992,1893,2288,3308,1053,1095,1008,1128,1499,1132,897,885,1160,1809
686,도봉로8길,6102,3062,3040,833,740,975,1154,1855,418,398,514,585,862,415,342,461,569,993
687,도봉로76길,16088,7805,8283,2934,2565,2384,2670,4067,1225,1409,1274,1328,1873,1709,1156,1110,1342,2194
688,도봉로67길,15728,7618,8110,2256,2104,2250,2783,4550,1056,1123,1151,1342,2030,1200,981,1099,1441,2520
689,도봉로45길,18340,8966,9374,2636,2623,2892,3299,4774,1264,1409,1462,1592,2140,1372,1214,1430,1707,2634
690,도봉로18길,13486,6534,6952,1770,1883,2150,2395,3610,897,1015,1070,1096,1604,873,868,1080,1299,2006
691,도봉로13길,11587,5788,5799,1546,1536,1780,2120,3123,805,829,942,1061,1389,741,707,838,1059,1734
692,덕릉로41길,16731,8295,8436,2907,2608,2660,2720,4033,1369,1392,1392,1375,1847,1538,1216,1268,1345,2186
693,덕릉로40길,12865,6355,6510,1892,1649,2061,2132,3568,922,902,1131,1049,1537,970,747,930,1083,2031
694,노해로33길,15854,7763,8091,2260,2022,2529,2782,4218,1169,1091,1291,1323,1851,1091,931,1238,1459,2367
695,노해로23길,17028,8355,8673,2383,2220,2650,2962,4709,1212,1197,1372,1406,2045,1171,1023,1278,1556,2664
696,노해로17길,22685,11158,11527,3427,3337,3353,3938,5991,1705,1776,1732,1913,2678,1722,1561,1621,2025,3313
697,화랑로40길,11428,5838,5590,1611,1581,1749,2085,3157,838,852,933,1040,1527,773,729,816,1045,1630
698,화랑로32길,14559,7120,7439,2238,1880,2285,2512,3821,1095,969,1180,1249,1688,1143,911,1105,1263,2133
699,화랑로1길,23938,11782,12156,2974,3312,4090,3806,5686,1504,1650,2130,1852,2555,1470,1662,1960,1954,3131
700,화랑로19길,17515,8727,8788,2275,2286,2741,3016,4750,1212,1165,1430,1485,2160,1063,1121,1311,1531,2590
701,화랑로14길,12598,6126,6472,1978,1785,2165,1839,2663,870,872,1104,930,1179,1108,913,1061,909,1484
702,화랑로13길,16700,7921,8779,2814,2269,2703,2482,3653,1211,1138,1348,1254,1638,1603,1131,1355,1228,2015
703,한천로76길,14585,7354,7231,1991,2059,2215,2691,3863,1039,1071,1161,1354,1810,952,988,1054,1337,2053
704,한천로101가길,11771,5785,5986,1382,1597,1965,1944,2722,709,821,1002,967,1225,673,776,963,977,1497
705,창경궁로43길,10927,5122,5805,2035,1728,1754,1628,2395,982,836,841,776,992,1053,892,913,852,1403
706,지봉로20길,18325,8932,9393,3169,3126,2957,2822,3659,1551,1603,1500,1370,1593,1618,1523,1457,1452,2066
707,종암로5길,9672,4951,4721,2097,1447,1316,1415,2047,1190,795,655,712,906,907,652,661,703,1141
708,종암로24가길,17884,8723,9161,2145,2488,3187,2751,4075,1110,1178,1602,1360,1730,1035,1310,1585,1391,2345
709,종암로21길,17520,8438,9082,2060,2589,3198,2592,3840,1035,1259,1600,1319,1610,1025,1330,1598,1273,2230
710,종암로19길,18309,8870,9439,2602,2416,3033,3047,4324,1357,1240,1471,1528,1855,1245,1176,1562,1519,2469
711,종암로16길,22273,10988,11285,2904,3031,3803,3570,5134,1525,1483,1906,1778,2206,1379,1548,1897,1792,2928
712,정릉로8길,4616,2411,2205,945,724,538,627,1183,524,428,281,331,525,421,296,257,296,658
713,정릉로27길,27372,13358,14014,3543,3924,4647,4211,6427,1831,1994,2285,2036,2818,1712,1930,2362,2175,3609
714,정릉로26길,16191,7901,8290,1980,2189,2798,2572,3834,1023,1102,1362,1235,1720,957,1087,1436,1337,2114
715,장위로50길,9758,5078,4680,1224,1135,1524,1925,2975,654,625,831,1047,1404,570,510,693,878,1571
716,장월로1길,13340,6432,6908,2295,1896,1985,2106,3235,1014,962,1020,1054,1470,1281,934,965,1052,1765
717,인촌로6길,14396,7158,7238,2838,2287,2118,2300,3382,1449,1241,1102,1110,1490,1389,1046,1016,1190,1892
718,인촌로5길,10472,4735,5737,2966,1809,1369,1419,1953,1197,850,666,693,836,1769,959,703,726,1117
719,인촌로24길,8215,4330,3885,2280,1209,1035,1099,1640,1314,708,535,546,744,966,501,500,553,896
720,개운사길,3106,1620,1486,1412,406,260,282,490,729,249,139,140,226,683,157,121,142,264
721,인촌로1길,15430,7208,8222,3701,2720,2116,2143,3184,1614,1326,1070,1056,1334,2087,1394,1046,1087,1850
722,인촌로17가길,9795,4716,5079,2779,1500,1261,1412,1881,1324,751,618,701,806,1455,749,643,711,1075
723,오패산로4길,22025,10619,11406,3395,2952,3602,3357,5109,1561,1504,1841,1625,2284,1834,1448,1761,1732,2825
724,오패산로3길,21695,10679,11016,2568,2796,3732,3482,5482,1312,1431,1921,1704,2489,1256,1365,1811,1778,2993
725,오패산로19길,14488,7130,7358,1639,1840,2592,2325,3678,819,922,1316,1171,1704,820,918,1276,1154,1974
726,안암로5길,15613,8071,7542,3167,2473,2244,2498,3670,1756,1350,1203,1272,1678,1411,1123,1041,1226,1992
727,아리랑로4길,18425,8283,10142,3604,3011,3058,2430,3499,1348,1429,1487,1197,1500,2256,1582,1571,1233,1999
728,솔샘로6길,12778,6431,6347,2234,1676,1878,1906,3495,1207,919,969,943,1543,1027,757,909,963,1952
729,성북로8길,12681,6007,6674,2071,1975,2095,2042,2607,996,936,1016,981,1121,1075,1039,1079,1061,1486
730,삼양로8길,18061,8738,9323,2072,2699,3277,2632,3886,993,1256,1635,1328,1693,1079,1443,1642,1304,2193
731,삼선교로16가길,15652,7646,8006,2364,2292,2711,2437,3258,1175,1166,1352,1181,1441,1189,1126,1359,1256,1817
732,삼선교로10다길,13313,6515,6798,2259,2016,2112,2097,3075,1150,1045,1068,1008,1357,1109,971,1044,1089,1718
733,삼선교로10길,12767,6291,6476,2263,1914,2034,1966,2914,1137,992,1026,956,1285,1126,922,1008,1010,1629
734,보문로32길,9477,4033,5444,2819,1665,1236,1190,1792,955,763,582,582,768,1864,902,654,608,1024
735,보문로31길,15959,7399,8560,3215,2537,2482,2349,3379,1376,1205,1211,1136,1415,1839,1332,1271,1213,1964
736,보문로26길,12252,5846,6406,3257,1923,1636,1747,2465,1520,935,821,863,1064,1737,988,815,884,1401
737,보문로13길,18194,9028,9166,2940,3082,2833,3135,4002,1493,1622,1419,1523,1829,1447,1460,1414,1612,2173
738,보국문로16길,22931,11292,11639,3053,3307,4041,3445,5189,1566,1668,2026,1702,2266,1487,1639,2015,1743,2923
739,동소문로6길,8220,3929,4291,1707,1398,1169,1171,1856,790,688,583,566,798,917,710,586,605,1058
740,동소문로2길,9269,4418,4851,1868,1528,1434,1323,1974,854,739,707,634,855,1014,789,727,689,1119
741,동소문로26가길,13401,5879,7522,3151,2212,1836,1898,2901,1118,1060,884,903,1267,2033,1152,952,995,1634
742,동소문로15길,13002,5866,7136,2579,2034,2149,1731,2457,962,945,1020,865,1056,1617,1089,1129,866,1401
743,동소문로13길,21024,9757,11267,3631,2809,3495,3295,4205,1569,1296,1623,1609,1852,2062,1513,1872,1686,2353
744,돌곶이로8길,14211,7115,7096,1930,1686,2254,2566,3968,998,901,1163,1339,1797,932,785,1091,1227,2171
745,돌곶이로41길,12673,6247,6426,1675,1803,2076,2159,2887,869,945,1035,1069,1296,806,858,1041,1090,1591
746,돌곶이로28길,11058,5611,5447,1527,1402,1768,2062,3108,749,755,921,1103,1474,778,647,847,959,1634
747,돌곶이로27길,13983,6921,7062,1872,1741,2224,2477,3911,933,916,1172,1243,1751,939,825,1052,1234,2160
748,돌곶이로22길,13471,6780,6691,1995,1739,2108,2494,3671,970,951,1102,1285,1705,1025,788,1006,1209,1966
749,돌곶이로14길,13791,6962,6829,1985,1695,2095,2617,3831,1011,904,1111,1347,1759,974,791,984,1270,2072
750,길음로7길,13741,6483,7258,1682,2278,2483,2070,2725,790,1072,1217,965,1199,892,1206,1266,1105,1526
751,중랑천로10길,16223,8105,8118,2287,2671,2588,2968,3652,1140,1415,1383,1548,1645,1147,1256,1205,1420,2007
752,용마산로94길,16213,8268,7945,2255,2141,2525,3128,3993,1205,1150,1303,1622,1894,1050,991,1222,1506,2099
753,용마산로118길,18472,9420,9052,2434,2543,2610,3649,4725,1333,1335,1377,1853,2278,1101,1208,1233,1796,2447
754,용마산로112길,13302,6841,6461,1770,1743,1913,2669,3573,955,941,1009,1373,1741,815,802,904,1296,1832
755,용마산로100길,19730,10043,9687,2710,2663,2995,3845,4858,1444,1434,1565,1978,2294,1266,1229,1430,1867,2564
756,신내로7가길,25677,12664,13013,3508,3756,4134,4400,4958,1822,1838,2059,2085,2326,1686,1918,2075,2315,2632
757,사가정로54길,20629,10232,10397,3091,3277,3055,3716,5184,1558,1708,1620,1773,2386,1533,1569,1435,1943,2798
758,사가정로42길,18089,9086,9003,2498,2728,2904,3252,4316,1262,1400,1521,1660,2004,1236,1328,1383,1592,2312
759,봉화산로56길,30609,14994,15615,4197,4412,4537,5432,6711,2126,2196,2267,2504,3191,2071,2216,2270,2928,3520
760,봉화산로4길,20783,10701,10082,2912,2983,2996,4322,5519,1478,1600,1575,2296,2648,1434,1383,1421,2026,2871
761,봉화산로30길,21917,10837,11080,3351,3718,3049,3863,4963,1642,1970,1565,1875,2267,1709,1748,1484,1988,2696
762,봉우재로33길,15992,7868,8124,2700,3076,2258,2740,3618,1273,1634,1178,1324,1663,1427,1442,1080,1416,1955
763,면목로78길,24617,12223,12394,3736,4136,3580,4512,5853,1833,2259,1855,2227,2675,1903,1877,1725,2285,3178
764,면목로56길,22193,11034,11159,3385,3532,3412,4136,5202,1711,1898,1747,1999,2371,1674,1634,1665,2137,2831
765,면목로55길,18156,9107,9049,2542,2896,2894,3307,4169,1305,1514,1501,1632,1943,1237,1382,1393,1675,2226
766,면목로49길,17219,8665,8554,2488,2659,2723,3098,4185,1267,1403,1445,1549,1931,1221,1256,1278,1549,2254
767,면목로48길,19841,9950,9891,3010,3103,3008,3653,4858,1535,1668,1592,1783,2217,1475,1435,1416,1870,2641
768,면목로45길,15592,7793,7799,2312,2424,2440,2794,3976,1134,1273,1322,1369,1843,1178,1151,1118,1425,2133
769,면목로33길,19630,9779,9851,2881,2888,3119,3464,4657,1359,1498,1645,1767,2139,1522,1390,1474,1697,2518
770,면목로21길,14924,7469,7455,2285,2373,2388,2641,3229,1085,1254,1255,1375,1468,1200,1119,1133,1266,1761
771,망우로73길,12478,6376,6102,1611,1718,1757,2423,3306,875,906,927,1239,1598,736,812,830,1184,1708
772,망우로68길,18144,9308,8836,2403,2423,2538,3622,4954,1291,1298,1353,1873,2386,1112,1125,1185,1749,2568
773,동일로163길,17981,8867,9114,2587,3115,2768,2935,4108,1266,1629,1397,1441,1870,1321,1486,1371,1494,2238
774,동일로157길,27934,13774,14160,4133,5008,4275,4561,6268,2003,2608,2165,2195,2871,2130,2400,2110,2366,3397
775,동일로149길,14898,7461,7437,2177,2427,2270,2584,3522,1068,1322,1179,1260,1651,1109,1105,1091,1324,1871
776,동일로140길,16965,8490,8475,2486,2703,2405,3153,3987,1266,1398,1253,1552,1864,1220,1305,1152,1601,2123
777,동일로139길,15066,7630,7436,2118,2288,2252,2879,3889,1050,1204,1177,1480,1851,1068,1084,1075,1399,2038
778,동일로139가길,19354,9724,9630,2830,3183,2842,3573,4638,1394,1673,1483,1815,2167,1436,1510,1359,1758,2471
779,동일로130길,22903,11422,11481,3441,3792,3189,4102,5272,1726,2016,1630,1967,2473,1715,1776,1559,2135,2799
780,동일로123길,23991,12178,11813,3418,3762,3398,4663,6006,1727,2004,1774,2384,2856,1691,1758,1624,2279,3150
781,동일로112길,24427,12171,12256,3919,4716,3504,4243,5288,1864,2492,1831,2093,2471,2055,2224,1673,2150,2817
782,동일로101길,21430,10736,10694,2873,3169,3472,4089,4921,1482,1691,1827,2070,2216,1391,1478,1645,2019,2705
783,동일로100길,24431,12370,12061,3499,3847,3687,4727,5732,1799,2039,1955,2402,2670,1700,1808,1732,2325,3062
784,답십리로75길,15741,8003,7738,2040,2483,2657,2750,3481,1047,1295,1411,1433,1608,993,1188,1246,1317,1873
785,공릉로2길,20852,10191,10661,3045,3822,3193,3344,4824,1445,1983,1612,1588,2207,1600,1839,1581,1756,2617
786,공릉로12가길,14911,7374,7537,1965,2246,2686,2251,2811,968,1121,1373,1118,1298,997,1125,1313,1133,1513
787,겸재로54길,28921,14432,14489,4464,4634,4435,5391,6647,2224,2482,2277,2679,3070,2240,2152,2158,2712,3577
788,겸재로36길,23761,11903,11858,3513,3917,3751,4306,5240,1804,2005,1944,2153,2454,1709,1912,1807,2153,2786
789,겸재로29길,20758,10322,10436,3222,3421,3110,3808,4884,1585,1797,1617,1902,2260,1637,1624,1493,1906,2624
790,휘경로3길,20710,10391,10319,3633,2900,3135,3375,5384,1858,1590,1674,1720,2386,1775,1310,1461,1655,2998
791,휘경로2길,13079,6562,6517,2968,1860,1888,1951,2951,1519,1010,993,998,1307,1449,850,895,953,1644
792,휘경로23길,16571,8276,8295,2390,2252,2644,2828,4517,1257,1196,1391,1436,1992,1133,1056,1253,1392,2525
793,휘경로14길,15360,7713,7647,2499,2101,2408,2535,3916,1308,1132,1233,1284,1772,1191,969,1175,1251,2144
794,한천로46길,15591,7482,8109,1989,2056,2666,2606,3589,970,1047,1241,1279,1637,1019,1009,1425,1327,1952
795,한천로40길,14717,7314,7403,1951,2006,2355,2593,3749,1018,1056,1178,1282,1735,933,950,1177,1311,2014
796,한천로33길,15821,7797,8024,2047,2130,2626,2720,3903,1063,1118,1308,1326,1784,984,1012,1318,1394,2119
797,한천로14길,21353,10851,10502,2994,3612,3306,3736,5195,1487,1941,1785,1883,2448,1507,1671,1521,1853,2747
798,천호대로97길,9727,4968,4759,1380,1776,1593,1463,2024,675,929,856,743,1004,705,847,737,720,1020
799,천호대로77길,10299,5355,4944,1553,1701,1559,1873,2501,787,916,860,984,1219,766,785,699,889,1282
800,천호대로45길,10539,5484,5055,1651,1528,1416,1757,3082,843,834,789,976,1461,808,694,627,781,1621
801,천호대로17길,15990,7925,8065,2697,2812,2445,2551,3613,1304,1426,1287,1282,1657,1393,1386,1158,1269,1956
802,천호대로12길,10913,5389,5524,1605,1724,1740,1879,2256,825,850,876,907,1061,780,874,864,972,1195
803,천장산로7길,7031,3601,3430,2017,848,885,919,1531,1104,472,445,455,677,913,376,440,464,854
804,제기로5길,8323,4362,3961,1589,1266,1084,1257,2270,881,747,596,645,1048,708,519,488,612,1222
805,제기로21길,13276,6703,6573,1763,1780,1695,2298,4402,958,1015,916,1157,1990,805,765,779,1141,2412
806,전농로4길,18354,9132,9222,2544,2584,2788,3364,4893,1274,1344,1474,1705,2243,1270,1240,1314,1659,2650
807,전농로3길,20188,9860,10328,2797,3166,3263,3262,4443,1400,1538,1673,1609,2029,1397,1628,1590,1653,2414
808,전농로29길,14738,7274,7464,2229,1972,2225,2641,3763,1151,1082,1134,1295,1671,1078,890,1091,1346,2092
809,장한로8길,11768,6004,5764,1751,2176,1865,1825,2495,839,1143,1001,926,1230,912,1033,864,899,1265
810,장한로5길,15649,8066,7583,2071,2424,2397,2877,4020,1072,1281,1303,1482,1935,999,1143,1094,1395,2085
811,장한로27길,13481,6837,6644,1831,2097,2189,2365,3164,944,1123,1143,1174,1479,887,974,1046,1191,1685
812,장한로27가길,13601,6925,6676,1576,2042,2405,2237,3223,848,1057,1267,1119,1513,728,985,1138,1118,1710
813,장한로26길,17410,8545,8865,2157,3069,3243,2349,3336,1021,1471,1672,1150,1526,1136,1598,1571,1199,1810
814,장한로26가길,19596,9751,9845,2630,3685,3369,2898,4103,1258,1860,1765,1436,1948,1372,1825,1604,1462,2155
815,장한로25길,14359,7250,7109,2220,2583,2319,2473,2997,1076,1397,1206,1242,1390,1144,1186,1113,1231,1607
816,장한로14길,13868,6947,6921,1655,2513,2286,2160,3158,841,1269,1189,1069,1513,814,1244,1097,1091,1645
817,이문로42길,22145,11010,11135,3314,3145,3453,3757,5643,1679,1640,1811,1902,2494,1635,1505,1642,1855,3149
818,왕산로43길,18910,9582,9328,2599,2435,2582,3447,5811,1370,1337,1398,1765,2673,1229,1098,1184,1682,3138
819,왕산로33길,6843,3541,3302,843,855,850,1267,2501,432,463,492,697,1198,411,392,358,570,1303
820,왕산로32길,8095,4253,3842,1340,1179,1036,1352,2465,686,656,588,754,1192,654,523,448,598,1273
821,약령시로17길,13229,6662,6567,1531,1613,1672,2382,4866,812,891,932,1250,2186,719,722,740,1132,2680
822,서울시립대로4길,20649,10309,10340,2477,3706,3297,3229,4669,1211,1843,1724,1661,2178,1266,1863,1573,1568,2491
823,서울시립대로29길,15105,7707,7398,3501,2239,1897,2186,3642,1845,1269,1030,1086,1658,1656,970,867,1100,1984
824,서울시립대로16길,16793,8337,8456,2372,2399,2646,2857,4015,1250,1253,1370,1395,1807,1122,1146,1276,1462,2208
825,사가정로2길,17966,8822,9144,2903,3172,2731,2979,3798,1359,1561,1440,1497,1757,1544,1611,1291,1482,2041
826,사가정로23가길,17608,8564,9044,2293,2293,3000,2995,4217,1124,1175,1432,1474,1943,1169,1118,1568,1521,2274
827,사가정로13길,17429,8456,8973,2188,2160,2788,3019,4415,1184,1073,1353,1486,1943,1004,1087,1435,1533,2472
828,무학로45길,8498,4623,3875,1995,1412,1120,1258,1837,1177,817,610,662,907,818,595,510,596,930
829,무학로16길,14061,6954,7107,1984,2087,2086,2514,3323,1026,1053,1048,1207,1532,958,1034,1038,1307,1791
830,망우로21길,15620,7805,7815,3868,2340,2150,2142,3265,1959,1260,1068,1085,1471,1909,1080,1082,1057,1794
831,망우로18길,11651,5897,5754,3486,1694,1400,1465,2339,1852,936,715,714,1057,1634,758,685,751,1282
832,망우로18가길,9239,4736,4503,2947,1300,1055,1135,1832,1587,730,550,543,831,1360,570,505,592,1001
833,답십리로72길,19893,9795,10098,2527,3587,3551,2728,4122,1199,1760,1849,1332,1932,1328,1827,1702,1396,2190
834,답십리로69길,16686,8424,8262,1673,2696,3214,2333,3283,900,1289,1638,1165,1536,773,1407,1576,1168,1747
835,답십리로68길,18807,9527,9280,2674,3558,3057,3107,4100,1293,1897,1636,1559,1933,1381,1661,1421,1548,2167
836,답십리로64길,20285,10208,10077,2969,3467,3148,3645,4669,1436,1861,1658,1824,2170,1533,1606,1490,1821,2499
837,답십리로63길,13069,6590,6479,1685,1835,2223,2293,3210,891,961,1151,1150,1504,794,874,1072,1143,1706
838,답십리로60길,19365,9683,9682,2456,2689,2889,3710,5173,1271,1464,1509,1850,2337,1185,1225,1380,1860,2836
839,답십리로56길,22875,11206,11669,3062,3071,3536,4112,5869,1556,1571,1775,2011,2664,1506,1500,1761,2101,3205
840,답십리로23길,18992,9451,9541,2471,2950,3043,3123,4388,1234,1490,1563,1563,2052,1237,1460,1480,1560,2336
841,난계로30길,8950,4491,4459,1603,1853,1393,1303,1646,702,910,724,706,850,901,943,669,597,796
842,경희대로4길,10347,4953,5394,3434,1620,1254,1105,1828,1613,835,648,557,781,1821,785,606,548,1047
843,경희대로3길,7949,3826,4123,2205,1289,1063,870,1512,1069,651,559,435,624,1136,638,504,435,888
844,천호대로129길,26977,13029,13948,3863,4432,4239,4609,5873,1911,2210,2081,2183,2607,1952,2222,2158,2426,3266
845,천호대로123길,24263,11576,12687,3806,4481,3611,4069,5071,1774,2165,1768,1874,2287,2032,2316,1843,2195,2784
846,천호대로109길,23117,11058,12059,4162,4782,3301,3507,4543,1865,2291,1645,1639,2124,2297,2491,1656,1868,2419
847,자양번영로3길,18980,9312,9668,2640,3098,3156,3124,3503,1334,1475,1551,1562,1615,1306,1623,1605,1562,1888
848,자양로53길,23558,11443,12115,3483,3775,3597,4186,5236,1747,1875,1798,1981,2321,1736,1900,1799,2205,2915
849,자양로50길,20109,9707,10402,2826,3165,3228,3383,4320,1415,1594,1587,1568,1929,1411,1571,1641,1815,2391
850,자양로45길,20315,9736,10579,3094,3618,3003,3460,4359,1470,1756,1486,1605,1946,1624,1862,1517,1855,2413
851,자양로26길,26478,12532,13946,5192,5187,4105,3974,4866,2382,2532,2036,1899,2126,2810,2655,2069,2075,2740
852,자양로15길,18420,8872,9548,3481,3521,2792,2908,3524,1599,1731,1414,1418,1569,1882,1790,1378,1490,1955
853,자양로11길,20416,9779,10637,3555,3910,3093,3219,4097,1641,1917,1538,1550,1820,1914,1993,1555,1669,2277
854,용마산로3길,21097,10064,11033,3659,4221,3057,3336,4014,1648,2051,1496,1539,1847,2011,2170,1561,1797,2167
855,용마산로21길,25830,12702,13128,4102,4455,3883,4555,5369,2038,2305,1916,2157,2506,2064,2150,1967,2398,2863
856,아차산로78길,12956,6231,6725,1799,1712,2236,2155,2663,885,810,1024,1049,1276,914,902,1212,1106,1387
857,아차산로65길,24029,11620,12409,3693,3595,4556,3693,3940,1821,1751,2168,1865,1778,1872,1844,2388,1828,2162
858,아차산로55길,19616,9272,10344,4034,4116,2926,2837,3629,1795,2015,1463,1369,1607,2239,2101,1463,1468,2022
859,아차산로51길,15951,7506,8445,3378,3196,2456,2380,2755,1478,1532,1216,1144,1223,1900,1664,1240,1236,1532
860,아차산로40길,22682,10969,11713,4164,4226,3466,3551,4151,1962,2117,1704,1715,1846,2202,2109,1762,1836,2305
861,면목로17길,18960,9554,9406,2810,3185,2943,3440,4230,1433,1703,1523,1733,1935,1377,1482,1420,1707,2295
862,뚝섬로64길,10569,5160,5409,1809,1973,1476,1729,2245,888,1019,692,798,1063,921,954,784,931,1182
863,뚝섬로58길,20031,9779,10252,2926,3364,3213,3305,4062,1463,1683,1542,1570,1868,1463,1681,1671,1735,2194
864,뚝섬로54길,20689,10152,10537,2906,3541,3497,3378,4028,1481,1741,1708,1605,1853,1425,1800,1789,1773,2175
865,뚝섬로48길,21087,10371,10716,3126,3697,3465,3437,4123,1583,1832,1713,1657,1862,1543,1865,1752,1780,2261
866,뚝섬로24길,13826,6978,6848,1834,2093,2054,2669,3751,951,1106,1104,1376,1711,883,987,950,1293,2040
867,뚝섬로23길,16748,8333,8415,2395,2516,2497,2984,4570,1180,1318,1299,1566,2086,1215,1198,1198,1418,2484
868,동일로24길,13730,6574,7156,4545,2742,1608,1597,2252,1907,1419,880,826,1038,2638,1323,728,771,1214
869,동일로18길,14235,7104,7131,2429,2350,1993,2362,3674,1124,1240,1081,1237,1701,1305,1110,912,1125,1973
870,능동로4길,22402,10859,11543,3009,3494,3757,3835,4331,1486,1558,1876,1843,2084,1523,1936,1881,1992,2247
871,능동로3길,22114,10748,11366,3022,3614,3469,3948,4812,1493,1708,1765,1898,2262,1529,1906,1704,2050,2550
872,능동로34길,19799,9275,10524,3716,4469,2791,2747,3681,1578,2101,1403,1266,1666,2138,2368,1388,1481,2015
873,능동로19길,13816,6667,7149,5477,2717,1388,1372,2017,2437,1420,769,738,919,3040,1297,619,634,1098
874,능동로13길,19517,9362,10155,7512,3875,2059,1952,2842,3256,2014,1124,1055,1291,4256,1861,935,897,1551
875,긴고랑로9길,22011,10818,11193,3423,3929,3253,3827,4856,1656,2063,1636,1831,2234,1767,1866,1617,1996,2622
876,긴고랑로8길,16349,8068,8281,2665,3247,2434,2673,3477,1256,1646,1243,1310,1630,1409,1601,1191,1363,1847
877,긴고랑로7길,22979,11451,11528,3524,4053,3468,4041,5094,1753,2163,1752,1983,2337,1771,1890,1716,2058,2757
878,긴고랑로20길,30766,14962,15804,4966,5554,4590,5204,6441,2422,2777,2256,2465,2961,2544,2777,2334,2739,3480
879,광나루로52길,24763,11861,12902,4213,4234,4253,3827,4376,2054,2091,2042,1868,1950,2159,2143,2211,1959,2426
880,광나루로40길,19408,9306,10102,3414,3539,3026,3010,3954,1645,1764,1514,1452,1724,1769,1775,1512,1558,2230
881,광나루로37길,12645,6220,6425,1874,2072,2026,2063,2838,945,1063,1044,1036,1260,929,1009,982,1027,1578
882,광나루로36길,17274,8363,8911,3076,3164,2713,2666,3436,1487,1595,1351,1319,1507,1589,1569,1362,1347,1929
883,광나루로24길,4773,2321,2452,1966,924,451,473,700,910,471,266,253,314,1056,453,185,220,386
884,광나루로12길,16207,8014,8193,5679,3005,1804,1911,2617,2569,1597,999,1063,1212,3110,1408,805,848,1405
885,한림말길,16031,7479,8552,1947,2740,2608,2524,3596,908,1248,1243,1190,1584,1039,1492,1365,1334,2012
886,한림말3길,17723,8357,9366,2023,3451,3015,2554,3602,948,1555,1504,1228,1567,1075,1896,1511,1326,2035
887,청계천로10나길,15765,7779,7986,2274,2318,2311,2777,3969,1150,1193,1177,1355,1796,1124,1125,1134,1422,2173
888,장터길,25797,12346,13451,3301,4718,4183,4068,5796,1686,2226,2081,1965,2483,1615,2492,2102,2103,3313
889,용답중앙길,13150,6614,6536,2308,2101,1952,2285,3124,1102,1100,1027,1206,1457,1206,1001,925,1079,1667
890,용답29길,18339,9352,8987,3004,2848,2890,3302,4347,1429,1503,1569,1823,2055,1575,1345,1321,1479,2292
891,왕십리로6길,13354,6643,6711,2066,2436,2175,2096,2746,1024,1202,1083,1067,1322,1042,1234,1092,1029,1424
892,왕십리로31길,23671,11447,12224,4026,4428,3508,3874,4606,1897,2199,1739,1943,2060,2129,2229,1769,1931,2546
893,왕십리로26길,17626,8590,9036,3629,3074,2554,2904,3409,1647,1557,1290,1465,1580,1982,1517,1264,1439,1829
894,왕십리로21길,21322,10194,11128,3306,3478,3458,3666,4184,1726,1610,1676,1699,1883,1580,1868,1782,1967,2301
895,왕십리로14길,13028,6521,6507,2107,2393,2047,2089,2621,1041,1214,1061,1062,1244,1066,1179,986,1027,1377
896,아차산로5길,10887,5478,5409,1825,2046,1568,1751,2405,884,1033,809,922,1156,941,1013,759,829,1249
897,아차산로15길,8980,4574,4406,2504,1782,1187,1192,1482,1099,956,705,665,713,1405,826,482,527,769
898,아차산로11길,5580,2804,2776,863,1008,771,916,1347,402,520,411,464,670,461,488,360,452,677
899,송정4가길,11431,5966,5465,2832,1993,1529,1802,2198,1376,1099,872,1018,1045,1456,894,657,784,1153
900,송정12라길,11894,6210,5684,2311,1904,1727,2078,2570,1157,1048,962,1172,1191,1154,856,765,906,1379
901,성수일로6길,10000,5082,4918,1522,1679,1614,1666,2134,741,852,825,909,1066,781,827,789,757,1068
902,성수이로7길,7982,4155,3827,1225,1285,1251,1475,1810,615,703,669,825,894,610,582,582,650,916
903,성수이로18길,7170,3805,3365,1255,1286,1043,1264,1614,577,736,602,707,825,678,550,441,557,789
904,성덕정길,15687,7941,7746,2394,2740,2525,2897,2864,1287,1399,1237,1551,1341,1107,1341,1288,1346,1523
905,성덕정17길,16790,8763,8027,2361,2564,2504,3374,4066,1242,1407,1368,1827,1945,1119,1157,1136,1547,2121
906,서울숲2길,7158,3545,3613,1213,1363,1084,1125,1543,591,680,561,564,708,622,683,523,561,835
907,상원길,13669,6852,6817,2237,2606,2216,2115,2583,1099,1322,1118,1071,1240,1138,1284,1098,1044,1343
908,상원12길,9982,4993,4989,1586,1946,1602,1542,1888,770,981,817,780,915,816,965,785,762,973
909,사근동길,9957,5171,4786,3604,1377,1067,1033,1848,1986,800,555,511,820,1618,577,512,522,1028
910,무학봉길,24551,11896,12655,3677,3959,4161,3944,4881,1798,1993,2022,1949,2179,1879,1966,2139,1995,2702
911,무학봉28길,13212,6517,6695,2702,1919,1980,2250,2868,1274,1005,991,1167,1316,1428,914,989,1083,1552
912,무학로6길,18638,9101,9537,3429,3119,2718,3132,3792,1602,1547,1369,1537,1784,1827,1572,1349,1595,2008
913,무수막길,19352,9281,10071,2445,3782,3227,2911,3985,1192,1787,1644,1413,1730,1253,1995,1583,1498,2255
914,매봉길,32574,15352,17222,3847,6329,5255,4868,7271,1912,2924,2589,2262,3134,1935,3405,2666,2606,4137
915,마조로1길,9316,4583,4733,3602,1433,801,1067,1540,1760,748,399,497,722,1842,685,402,570,818
916,마조로16길,16433,8211,8222,3576,2287,2285,2561,3716,1780,1229,1155,1301,1727,1796,1058,1130,1260,1989
917,마장로39길,13170,6505,6665,2207,1985,2009,2099,2908,1085,1007,1005,1040,1362,1122,978,1004,1059,1546
918,마장로27길,14780,7336,7444,2421,2222,2093,2579,3677,1209,1150,1093,1285,1664,1212,1072,1000,1294,2013
919,뚝섬로5길,11056,5672,5384,1706,1922,1848,1892,2221,878,1000,946,1058,1067,828,922,902,834,1154
920,둘레9길,15403,8059,7344,2361,2361,2362,3135,3328,1269,1279,1243,1739,1565,1092,1082,1119,1396,1763
921,금호산길,24553,11734,12819,3131,4591,3925,3826,5669,1534,2214,1992,1825,2439,1597,2377,1933,2001,3230
922,금호산2길,19699,9480,10219,2437,3453,3304,3099,4508,1245,1669,1666,1506,1930,1192,1784,1638,1593,2578
923,고산자로6길,23581,11357,12224,4068,4294,3675,3772,4148,2177,1999,1825,1702,1871,1891,2295,1850,2070,2277
924,후암로28길,17280,8413,8867,2420,2852,2815,2741,3970,1222,1453,1406,1300,1695,1198,1399,1409,1441,2275
925,효창원로39길,18790,9072,9718,2611,3271,3055,2886,4027,1268,1665,1515,1422,1715,1343,1606,1540,1464,2312
926,회나무로13길,10174,4717,5457,1446,1844,1595,1483,2677,741,901,749,659,1097,705,943,846,824,1580
927,한남대로20길,5098,2430,2668,698,1064,918,701,1070,314,515,417,337,494,384,549,501,364,576
928,한강대로88길,3937,2173,1764,548,510,592,699,1318,256,274,359,464,679,292,236,233,235,639
929,한강대로7길,7129,3522,3607,870,1209,1047,1137,1943,452,659,511,552,847,418,550,536,585,1096
930,한강대로62길,4600,2292,2308,718,1033,643,691,1122,337,503,335,366,524,381,530,308,325,598
931,한강대로52길,4464,2225,2239,716,1050,638,669,1017,336,524,339,353,453,380,526,299,316,564
932,한강대로43길,5566,2698,2868,977,1334,824,833,1128,427,645,424,422,511,550,689,400,411,617
933,한강대로15길,3644,1813,1831,535,745,541,558,905,257,394,277,285,412,278,351,264,273,493
934,한강대로104길,16093,8770,7323,2055,2367,2548,3095,4180,1054,1220,1419,1889,2185,1001,1147,1129,1206,1995
935,청파로73길,12315,6350,5965,1941,1970,2021,2161,2776,1033,1092,1064,1135,1257,908,878,957,1026,1519
936,청파로71길,19669,9926,9743,3451,2974,3190,3405,4313,1696,1649,1641,1782,1933,1755,1325,1549,1623,2380
937,청파로47나길,14254,6868,7386,2804,2245,2189,2215,3216,1180,1187,1090,1141,1442,1624,1058,1099,1074,1774
938,청파로47길,10418,4676,5742,2341,1781,1497,1415,2337,775,890,740,729,1013,1566,891,757,686,1324
939,장문로45길,18284,9084,9200,2744,2922,2839,3156,4796,1516,1610,1421,1493,2040,1228,1312,1418,1663,2756
940,이태원로54길,7198,3455,3743,944,1514,1214,1070,1787,440,782,625,505,752,504,732,589,565,1035
941,이태원로27길,9038,4373,4665,1312,1594,1347,1406,2480,675,841,687,662,1049,637,753,660,744,1431
942,이촌로22길,8788,4183,4605,978,1509,1304,1411,2375,473,779,649,657,989,505,730,655,754,1386
943,원효로89길,10436,4959,5477,1984,2221,1672,1345,1952,736,1114,871,693,894,1248,1107,801,652,1058
944,원효로53길,13258,6545,6713,2004,2646,2048,1825,2988,960,1380,1096,896,1296,1044,1266,952,929,1692
945,원효로41길,13007,6277,6730,1728,2020,2164,2000,3181,892,1048,1080,984,1332,836,972,1084,1016,1849
946,원효로19길,14138,6649,7489,1840,2173,2467,2206,2995,871,1071,1212,1119,1295,969,1102,1255,1087,1700
947,우사단로4길,16069,7883,8186,2472,2658,2415,2663,4344,1358,1464,1210,1288,1761,1114,1194,1205,1375,2583
948,우사단로14길,12088,5848,6240,1739,2065,1873,1984,3410,934,1129,946,961,1346,805,936,927,1023,2064
949,우사단로10길,18833,9305,9528,2711,3197,2883,3165,5107,1492,1770,1492,1525,2060,1219,1427,1391,1640,3047
950,신흥로20길,14714,7143,7571,2184,2488,2273,2251,3612,1111,1290,1139,1043,1562,1073,1198,1134,1208,2050
951,소월로20길,11513,5547,5966,1678,2003,1662,1756,3117,872,1038,808,809,1353,806,965,854,947,1764
952,서빙고로71길,10861,5320,5541,1531,1359,2224,1733,2033,788,672,1102,898,860,743,687,1122,835,1173
953,백범로90길,13181,6345,6836,1951,3035,2132,1796,2313,796,1429,1088,878,1116,1155,1606,1044,918,1197
954,백범로79길,15495,7359,8136,2701,2966,2299,2232,3319,1179,1516,1164,1077,1425,1522,1450,1135,1155,1894
955,두텁바위로1길,16262,8437,7825,2303,2487,2574,2833,4224,1148,1289,1386,1615,1998,1155,1198,1188,1218,2226
956,대사관로34길,9880,4980,4900,1420,1863,1554,1561,2406,737,1006,814,787,1053,683,857,740,774,1353
957,녹사평대로46길,6804,3203,3601,1038,1199,1098,945,1655,535,583,532,436,686,503,616,566,509,969
958,녹사평대로40나길,4280,2101,2179,692,798,653,577,1062,365,412,347,270,451,327,386,306,307,611
959,녹사평대로32길,5120,2453,2667,767,920,750,773,1480,404,496,395,373,568,363,424,355,400,912
960,녹사평대로26길,7307,3483,3824,1092,1212,1013,1180,2179,589,642,515,556,864,503,570,498,624,1315
961,녹사평대로11길,6361,3075,3286,859,714,1334,1011,1210,423,348,663,548,496,436,366,671,463,714
962,퇴계로90길,22459,10946,11513,3463,3993,3473,3752,4817,1659,1977,1783,1914,2153,1804,2016,1690,1838,2664
963,퇴계로8길,4290,2155,2135,471,530,611,738,1581,212,303,326,395,749,259,227,285,343,832
964,퇴계로56길,5999,3109,2890,1050,864,816,956,1772,550,467,464,512,842,500,397,352,444,930
965,퇴계로46길,5740,3009,2731,1370,965,746,817,1255,733,527,426,435,586,637,438,320,382,669
966,퇴계로18길,3463,1669,1794,408,487,545,528,1103,200,258,277,263,471,208,229,268,265,632
967,퇴계로12길,4937,2421,2516,568,631,694,795,1736,263,337,358,411,809,305,294,336,384,927
968,청구로1길,17672,8486,9186,2587,2879,2727,2931,4046,1266,1395,1347,1429,1796,1321,1484,1380,1502,2250
969,청구로17길,11428,5514,5914,2024,1822,1733,1883,2613,943,925,864,922,1173,1081,897,869,961,1440
970,장충단로8길,9718,4862,4856,1650,1408,1431,1635,2602,848,761,740,819,1193,802,647,691,816,1409
971,삼일대로4길,1955,821,1134,183,249,332,368,736,82,121,141,167,265,101,128,191,201,471
972,명동길,1426,532,894,122,189,253,277,534,49,88,95,112,161,73,101,158,165,373
973,동호로8길,15767,7490,8277,2247,2304,2238,2691,4599,1098,1139,1130,1283,1950,1149,1165,1108,1408,2649
974,동호로20길,10940,5363,5577,2018,1712,1642,1780,2563,976,898,831,877,1165,1042,814,811,903,1398
975,동호로15길,12165,5778,6387,1964,1947,1894,1870,3091,925,960,917,915,1313,1039,987,977,955,1778
976,동호로11길,16945,8140,8805,2343,2755,2658,2662,4351,1167,1365,1310,1295,1879,1176,1390,1348,1367,2472
977,동호로10길,16692,7981,8711,2642,2794,2533,2694,3899,1234,1406,1254,1300,1706,1408,1388,1279,1394,2193
978,다산로39길,8801,4475,4326,1380,1300,1372,1656,2223,700,683,749,865,1062,680,617,623,791,1161
979,다산로38길,13196,6654,6542,2015,1744,2084,2556,3266,1053,872,1148,1329,1481,962,872,936,1227,1785
980,다산로36길,19797,9615,10182,2782,2812,3108,3553,4565,1436,1354,1579,1738,2015,1346,1458,1529,1815,2550
981,다산로33길,12661,6393,6268,2061,1799,1985,2264,3264,1033,976,1059,1180,1511,1028,823,926,1084,1753
982,난계로21길,15622,7531,8091,2375,3435,2430,2247,2961,1069,1680,1239,1116,1339,1306,1755,1191,1131,1622
983,난계로11길,16470,8027,8443,2716,3195,2419,2671,3599,1218,1590,1283,1390,1626,1498,1605,1136,1281,1973
984,필운대로1길,10610,4833,5777,1196,1584,1882,1619,2531,562,724,875,729,1071,634,860,1007,890,1460
985,평창길,8352,3927,4425,1286,1010,1297,1481,1909,666,460,581,665,851,620,550,716,816,1058
986,통일로12길,13726,6438,7288,1604,1728,2417,2236,3478,772,829,1189,1104,1448,832,899,1228,1132,2030
987,창신길,15789,8183,7606,2458,1725,2339,3337,4221,1364,981,1248,1772,1939,1094,744,1091,1565,2282
988,창신5길,12294,6343,5951,1681,1338,1811,2647,3541,918,736,931,1434,1674,763,602,880,1213,1867
989,창신2길,10555,5637,4918,1518,1084,1502,2245,3201,884,627,809,1240,1565,634,457,693,1005,1636
990,창경궁로35길,10127,4669,5458,2245,1446,1583,1404,1985,1083,663,723,656,821,1162,783,860,748,1164
991,지봉로8길,16319,8284,8035,2325,2388,2478,3139,4030,1201,1286,1262,1637,1886,1124,1102,1216,1502,2144
992,종로65길,16702,8381,8321,2902,2750,2490,2989,3951,1342,1456,1307,1542,1914,1560,1294,1183,1447,2037
993,종로58가길,6396,3292,3104,922,990,901,1187,1782,464,554,490,621,866,458,436,411,566,916
994,종로24길,1585,1182,403,85,87,183,424,787,53,64,151,349,554,32,23,32,75,233
995,자하문로7길,8466,3892,4574,1015,1282,1468,1253,2131,493,604,668,570,895,522,678,800,683,1236
996,이화장길,10044,4930,5114,2089,1520,1334,1685,2478,989,793,702,871,1111,1100,727,632,814,1367
997,율곡로16길,6512,3317,3195,1435,874,844,1139,1640,703,468,443,609,789,732,406,401,530,851
998,율곡로10길,2351,1461,890,247,299,362,478,815,141,189,226,336,494,106,110,136,142,321
999,옥인길,8372,3845,4527,1031,1339,1461,1225,1880,488,632,660,573,794,543,707,801,652,1086
1000,숭인동길,14441,7325,7116,2594,2411,2167,2550,3315,1194,1259,1145,1359,1662,1400,1152,1022,1191,1653
1001,성균관로5길,7228,3374,3854,2125,985,916,970,1360,1006,474,446,438,580,1119,511,470,532,780
1002,삼청로5길,2755,1291,1464,336,417,381,458,824,159,198,198,201,349,177,219,183,257,475
1003,북촌로5나길,2947,1382,1565,363,430,425,495,865,167,205,218,222,369,196,225,207,273,496
1004,북촌로5길,3243,1499,1744,349,429,491,554,1038,168,194,243,261,429,181,235,248,293,609
1005,북촌로11길,4731,2193,2538,531,625,776,772,1421,251,288,378,361,598,280,337,398,411,823
1006,백석동길,6102,2958,3144,829,767,1000,1049,1578,473,349,457,493,697,356,418,543,556,881
1007,명륜길,9137,4521,4616,2399,1209,1236,1180,1922,1287,661,601,586,815,1112,548,635,594,1107
1008,돈화문로11가길,3512,2033,1479,379,445,518,647,1261,211,253,302,421,703,168,192,216,226,558
1009,난계로27길,11047,5624,5423,1854,2372,1663,1638,2304,819,1181,883,931,1200,1035,1191,780,707,1104
1010,계동길,5455,2544,2911,643,750,959,895,1447,312,357,449,425,613,331,393,510,470,834
